id,label
1,4
2,14
3,7
4,0
5,6
6,2
7,4
8,4
9,0
10,12
11,5
12,0
13,0
14,12
15,10
16,5
17,0
18,5
19,2
20,1
21,6
22,0
23,4
24,2
25,13
26,1
27,14
28,2
29,8
30,5
31,8
32,0
33,3
34,0
35,4
36,11
37,2
38,8
39,4
40,0
41,0
42,13
43,10
44,2
45,4
46,0
47,0
48,2
49,0
50,0
51,14
52,7
53,5
54,1
55,7
56,1
57,4
58,0
59,3
60,0
61,3
62,4
63,4
64,8
65,13
66,11
67,6
68,5
69,7
70,4
71,1
72,1
73,2
74,5
75,1
76,4
77,0
78,0
79,14
80,8
81,4
82,1
83,4
84,4
85,10
86,6
87,10
88,10
89,13
90,1
91,14
92,4
93,4
94,6
95,7
96,0
97,8
98,0
99,8
100,4
101,8
102,1
103,0
104,10
105,4
106,13
107,0
108,6
109,0
110,13
111,7
112,4
113,2
114,1
115,1
116,11
117,1
118,14
119,8
120,0
121,2
122,4
123,0
124,3
125,4
126,5
127,2
128,14
129,5
130,1
131,11
132,7
133,9
134,8
135,0
136,9
137,8
138,2
139,5
140,6
141,11
142,10
143,0
144,5
145,2
146,2
147,6
148,2
149,5
150,5
151,4
152,1
153,6
154,2
155,0
156,11
157,14
158,2
159,10
160,2
161,14
162,9
163,0
164,14
165,4
166,0
167,14
168,10
169,2
170,2
171,4
172,10
173,2
174,12
175,2
176,7
177,14
178,2
179,8
180,0
181,5
182,2
183,10
184,6
185,0
186,0
187,4
188,13
189,5
190,6
191,2
192,13
193,0
194,3
195,4
196,7
197,4
198,2
199,7
200,2
201,14
202,4
203,0
204,13
205,0
206,4
207,4
208,3
209,14
210,2
211,4
212,7
213,1
214,5
215,0
216,1
217,8
218,14
219,2
220,2
221,2
222,2
223,9
224,2
225,6
226,8
227,5
228,10
229,3
230,8
231,14
232,14
233,13
234,1
235,5
236,10
237,4
238,8
239,7
240,10
241,2
242,14
243,1
244,6
245,8
246,2
247,8
248,4
249,4
250,5
251,8
252,14
253,7
254,0
255,4
256,11
257,8
258,4
259,3
260,2
261,2
262,7
263,5
264,1
265,0
266,1
267,2
268,2
269,0
270,11
271,10
272,14
273,6
274,11
275,4
276,4
277,4
278,1
279,5
280,4
281,11
282,0
283,4
284,11
285,4
286,1
287,3
288,4
289,10
290,0
291,8
292,0
293,1
294,5
295,7
296,10
297,9
298,5
299,1
300,3
301,3
302,0
303,11
304,8
305,13
306,3
307,14
308,2
309,0
310,0
311,4
312,0
313,11
314,9
315,1
316,4
317,10
318,2
319,11
320,3
321,14
322,5
323,3
324,4
325,0
326,4
327,4
328,8
329,14
330,13
331,0
332,8
333,1
334,1
335,0
336,11
337,9
338,14
339,2
340,1
341,5
342,0
343,0
344,10
345,1
346,3
347,2
348,6
349,5
350,2
351,4
352,8
353,4
354,14
355,13
356,4
357,6
358,8
359,0
360,3
361,2
362,10
363,4
364,14
365,8
366,4
367,14
368,4
369,13
370,6
371,2
372,4
373,6
374,14
375,2
376,2
377,5
378,3
379,1
380,11
381,14
382,4
383,14
384,2
385,6
386,1
387,9
388,10
389,1
390,12
391,5
392,2
393,0
394,0
395,1
396,5
397,6
398,0
399,7
400,2
401,4
402,12
403,14
404,14
405,3
406,14
407,0
408,3
409,8
410,1
411,1
412,11
413,4
414,7
415,4
416,8
417,9
418,0
419,14
420,8
421,12
422,4
423,8
424,7
425,8
426,11
427,13
428,13
429,6
430,9
431,14
432,6
433,4
434,4
435,4
436,2
437,4
438,14
439,3
440,14
441,13
442,9
443,8
444,9
445,3
446,5
447,0
448,4
449,14
450,3
451,7
452,7
453,1
454,8
455,0
456,6
457,9
458,3
459,13
460,1
461,3
462,6
463,4
464,6
465,5
466,1
467,6
468,4
469,0
470,5
471,6
472,4
473,1
474,0
475,6
476,5
477,0
478,4
479,1
480,0
481,5
482,5
483,1
484,4
485,3
486,0
487,4
488,11
489,5
490,8
491,0
492,4
493,1
494,14
495,13
496,7
497,14
498,5
499,4
500,4
501,13
502,1
503,13
504,0
505,2
506,6
507,8
508,5
509,4
510,4
511,4
512,7
513,14
514,7
515,14
516,2
517,11
518,10
519,1
520,5
521,4
522,7
523,4
524,10
525,13
526,6
527,0
528,3
529,2
530,14
531,2
532,0
533,3
534,3
535,11
536,14
537,1
538,9
539,14
540,2
541,0
542,4
543,3
544,14
545,5
546,5
547,14
548,7
549,14
550,6
551,5
552,0
553,5
554,4
555,8
556,14
557,0
558,3
559,6
560,0
561,14
562,14
563,12
564,0
565,0
566,14
567,6
568,6
569,2
570,9
571,14
572,2
573,9
574,0
575,4
576,5
577,4
578,4
579,4
580,12
581,0
582,2
583,8
584,12
585,4
586,9
587,14
588,4
589,5
590,0
591,0
592,2
593,13
594,8
595,4
596,13
597,11
598,2
599,7
600,9
601,3
602,4
603,0
604,2
605,10
606,5
607,0
608,3
609,14
610,10
611,14
612,11
613,4
614,4
615,0
616,2
617,2
618,6
619,1
620,0
621,13
622,8
623,11
624,0
625,5
626,1
627,2
628,3
629,11
630,9
631,4
632,6
633,8
634,9
635,2
636,1
637,0
638,8
639,2
640,10
641,4
642,2
643,3
644,13
645,14
646,0
647,4
648,5
649,5
650,5
651,4
652,4
653,14
654,14
655,4
656,14
657,3
658,0
659,4
660,4
661,1
662,1
663,14
664,4
665,5
666,5
667,6
668,8
669,2
670,4
671,2
672,0
673,3
674,6
675,13
676,0
677,2
678,3
679,8
680,8
681,2
682,8
683,9
684,14
685,2
686,1
687,6
688,2
689,7
690,5
691,4
692,1
693,8
694,2
695,0
696,9
697,2
698,2
699,8
700,2
701,1
702,10
703,4
704,4
705,0
706,13
707,3
708,5
709,0
710,1
711,1
712,14
713,8
714,11
715,2
716,4
717,9
718,1
719,1
720,7
721,0
722,8
723,9
724,9
725,13
726,4
727,5
728,1
729,5
730,4
731,0
732,8
733,4
734,1
735,5
736,4
737,2
738,11
739,11
740,7
741,8
742,14
743,4
744,0
745,14
746,8
747,8
748,9
749,0
750,6
751,8
752,9
753,13
754,4
755,4
756,1
757,14
758,0
759,3
760,2
761,11
762,1
763,10
764,5
765,5
766,2
767,14
768,0
769,1
770,8
771,13
772,0
773,3
774,2
775,5
776,0
777,8
778,5
779,7
780,8
781,2
782,10
783,3
784,8
785,4
786,1
787,2
788,1
789,3
790,0
791,5
792,14
793,9
794,8
795,7
796,9
797,7
798,10
799,2
800,0
801,1
802,7
803,3
804,1
805,0
806,14
807,2
808,1
809,14
810,5
811,14
812,0
813,9
814,4
815,12
816,1
817,14
818,1
819,3
820,0
821,2
822,1
823,9
824,8
825,5
826,4
827,7
828,5
829,0
830,4
831,1
832,10
833,5
834,4
835,6
836,4
837,2
838,11
839,2
840,2
841,14
842,7
843,11
844,4
845,9
846,1
847,5
848,6
849,0
850,1
851,4
852,2
853,11
854,12
855,8
856,4
857,10
858,2
859,9
860,2
861,9
862,14
863,4
864,1
865,0
866,1
867,1
868,14
869,0
870,2
871,2
872,8
873,0
874,6
875,4
876,10
877,4
878,11
879,8
880,0
881,6
882,3
883,0
884,3
885,5
886,13
887,5
888,8
889,5
890,2
891,9
892,3
893,6
894,14
895,2
896,1
897,13
898,4
899,1
900,4
901,6
902,7
903,8
904,7
905,14
906,1
907,2
908,14
909,4
910,6
911,8
912,0
913,11
914,5
915,3
916,8
917,14
918,3
919,14
920,13
921,2
922,0
923,10
924,4
925,2
926,8
927,14
928,14
929,13
930,11
931,2
932,1
933,13
934,1
935,4
936,0
937,8
938,4
939,6
940,0
941,4
942,8
943,1
944,14
945,5
946,1
947,0
948,5
949,4
950,2
951,5
952,0
953,10
954,0
955,4
956,1
957,5
958,1
959,3
960,4
961,6
962,5
963,7
964,0
965,0
966,0
967,5
968,14
969,1
970,6
971,13
972,0
973,4
974,13
975,14
976,5
977,4
978,2
979,7
980,8
981,1
982,3
983,7
984,14
985,11
986,6
987,2
988,13
989,11
990,5
991,4
992,10
993,8
994,0
995,0
996,2
997,7
998,4
999,6
1000,14
1001,14
1002,0
1003,2
1004,5
1005,0
1006,1
1007,14
1008,0
1009,5
1010,2
1011,5
1012,13
1013,1
1014,14
1015,9
1016,5
1017,8
1018,0
1019,2
1020,10
1021,1
1022,0
1023,14
1024,0
1025,5
1026,7
1027,8
1028,8
1029,2
1030,0
1031,5
1032,13
1033,1
1034,5
1035,4
1036,2
1037,7
1038,3
1039,9
1040,5
1041,10
1042,5
1043,14
1044,1
1045,3
1046,4
1047,13
1048,13
1049,7
1050,14
1051,5
1052,2
1053,13
1054,0
1055,5
1056,10
1057,6
1058,2
1059,10
1060,2
1061,11
1062,8
1063,0
1064,0
1065,4
1066,9
1067,0
1068,0
1069,4
1070,4
1071,8
1072,14
1073,14
1074,1
1075,5
1076,4
1077,14
1078,7
1079,2
1080,7
1081,1
1082,5
1083,5
1084,11
1085,5
1086,5
1087,0
1088,0
1089,2
1090,1
1091,0
1092,12
1093,14
1094,13
1095,8
1096,8
1097,13
1098,0
1099,5
1100,6
1101,8
1102,10
1103,0
1104,2
1105,2
1106,2
1107,1
1108,0
1109,8
1110,4
1111,4
1112,12
1113,5
1114,0
1115,10
1116,2
1117,5
1118,7
1119,7
1120,0
1121,4
1122,7
1123,2
1124,0
1125,3
1126,6
1127,3
1128,14
1129,2
1130,5
1131,6
1132,7
1133,0
1134,0
1135,7
1136,2
1137,4
1138,4
1139,14
1140,14
1141,7
1142,14
1143,4
1144,5
1145,13
1146,10
1147,5
1148,7
1149,11
1150,14
1151,5
1152,6
1153,8
1154,4
1155,0
1156,3
1157,8
1158,14
1159,4
1160,2
1161,3
1162,11
1163,1
1164,4
1165,12
1166,2
1167,3
1168,14
1169,2
1170,3
1171,14
1172,11
1173,0
1174,8
1175,3
1176,9
1177,13
1178,12
1179,1
1180,0
1181,0
1182,9
1183,3
1184,10
1185,7
1186,2
1187,9
1188,2
1189,14
1190,2
1191,13
1192,14
1193,8
1194,6
1195,14
1196,14
1197,9
1198,11
1199,9
1200,1
1201,6
1202,8
1203,9
1204,2
1205,6
1206,4
1207,7
1208,8
1209,4
1210,0
1211,14
1212,3
1213,5
1214,6
1215,1
1216,0
1217,8
1218,14
1219,8
1220,5
1221,2
1222,11
1223,5
1224,6
1225,8
1226,4
1227,2
1228,4
1229,4
1230,2
1231,1
1232,0
1233,4
1234,0
1235,6
1236,7
1237,5
1238,1
1239,4
1240,5
1241,8
1242,8
1243,10
1244,13
1245,14
1246,5
1247,14
1248,2
1249,2
1250,0
1251,5
1252,0
1253,5
1254,8
1255,10
1256,7
1257,13
1258,14
1259,7
1260,1
1261,13
1262,8
1263,2
1264,14
1265,8
1266,1
1267,2
1268,14
1269,4
1270,7
1271,1
1272,2
1273,4
1274,4
1275,6
1276,14
1277,1
1278,5
1279,0
1280,13
1281,10
1282,5
1283,4
1284,13
1285,9
1286,1
1287,2
1288,2
1289,0
1290,5
1291,4
1292,8
1293,8
1294,5
1295,10
1296,3
1297,11
1298,13
1299,14
1300,8
1301,5
1302,13
1303,5
1304,1
1305,6
1306,1
1307,10
1308,4
1309,4
1310,6
1311,3
1312,2
1313,14
1314,1
1315,4
1316,0
1317,5
1318,8
1319,14
1320,0
1321,8
1322,0
1323,9
1324,13
1325,0
1326,4
1327,4
1328,3
1329,10
1330,4
1331,14
1332,14
1333,0
1334,2
1335,8
1336,3
1337,10
1338,2
1339,14
1340,1
1341,2
1342,14
1343,8
1344,4
1345,4
1346,14
1347,1
1348,10
1349,7
1350,3
1351,1
1352,13
1353,2
1354,1
1355,4
1356,5
1357,10
1358,7
1359,5
1360,5
1361,2
1362,4
1363,14
1364,8
1365,4
1366,2
1367,8
1368,2
1369,14
1370,1
1371,5
1372,8
1373,14
1374,4
1375,1
1376,14
1377,7
1378,13
1379,7
1380,3
1381,4
1382,2
1383,2
1384,9
1385,8
1386,1
1387,4
1388,14
1389,14
1390,0
1391,14
1392,9
1393,14
1394,2
1395,4
1396,2
1397,8
1398,2
1399,4
1400,8
1401,3
1402,7
1403,5
1404,5
1405,7
1406,1
1407,14
1408,14
1409,9
1410,2
1411,4
1412,2
1413,1
1414,12
1415,0
1416,1
1417,1
1418,2
1419,14
1420,8
1421,8
1422,0
1423,6
1424,14
1425,5
1426,2
1427,2
1428,5
1429,6
1430,14
1431,5
1432,14
1433,14
1434,3
1435,14
1436,3
1437,14
1438,5
1439,4
1440,4
1441,2
1442,4
1443,14
1444,13
1445,1
1446,1
1447,1
1448,2
1449,13
1450,4
1451,2
1452,8
1453,0
1454,3
1455,8
1456,7
1457,0
1458,8
1459,6
1460,4
1461,6
1462,5
1463,13
1464,6
1465,1
1466,10
1467,3
1468,5
1469,1
1470,14
1471,4
1472,3
1473,14
1474,13
1475,1
1476,8
1477,2
1478,0
1479,1
1480,7
1481,13
1482,14
1483,2
1484,14
1485,8
1486,5
1487,13
1488,4
1489,2
1490,10
1491,5
1492,5
1493,9
1494,0
1495,1
1496,14
1497,11
1498,4
1499,6
1500,0
1501,9
1502,2
1503,2
1504,8
1505,6
1506,4
1507,2
1508,14
1509,0
1510,10
1511,9
1512,0
1513,14
1514,7
1515,3
1516,14
1517,2
1518,9
1519,6
1520,4
1521,2
1522,1
1523,8
1524,0
1525,5
1526,10
1527,4
1528,5
1529,5
1530,4
1531,2
1532,11
1533,2
1534,0
1535,0
1536,14
1537,1
1538,5
1539,13
1540,9
1541,0
1542,2
1543,2
1544,14
1545,9
1546,4
1547,5
1548,1
1549,14
1550,5
1551,13
1552,8
1553,8
1554,4
1555,0
1556,13
1557,5
1558,3
1559,2
1560,0
1561,4
1562,5
1563,3
1564,10
1565,6
1566,5
1567,14
1568,5
1569,5
1570,5
1571,8
1572,10
1573,3
1574,6
1575,4
1576,2
1577,0
1578,6
1579,1
1580,6
1581,8
1582,4
1583,3
1584,5
1585,13
1586,7
1587,1
1588,11
1589,10
1590,8
1591,1
1592,2
1593,1
1594,0
1595,1
1596,1
1597,14
1598,0
1599,8
1600,2
1601,8
1602,14
1603,8
1604,4
1605,2
1606,1
1607,11
1608,4
1609,1
1610,14
1611,10
1612,3
1613,5
1614,9
1615,2
1616,1
1617,10
1618,13
1619,9
1620,9
1621,14
1622,0
1623,12
1624,2
1625,4
1626,6
1627,14
1628,8
1629,7
1630,5
1631,9
1632,4
1633,5
1634,13
1635,6
1636,2
1637,11
1638,13
1639,4
1640,4
1641,14
1642,1
1643,11
1644,5
1645,3
1646,5
1647,13
1648,7
1649,13
1650,3
1651,3
1652,4
1653,5
1654,14
1655,9
1656,1
1657,14
1658,5
1659,0
1660,0
1661,0
1662,2
1663,0
1664,0
1665,0
1666,13
1667,4
1668,6
1669,9
1670,1
1671,11
1672,1
1673,11
1674,0
1675,1
1676,0
1677,5
1678,6
1679,12
1680,3
1681,2
1682,2
1683,0
1684,1
1685,4
1686,7
1687,4
1688,4
1689,14
1690,0
1691,1
1692,13
1693,10
1694,9
1695,1
1696,1
1697,10
1698,13
1699,1
1700,11
1701,1
1702,3
1703,5
1704,6
1705,0
1706,4
1707,14
1708,14
1709,8
1710,8
1711,4
1712,3
1713,8
1714,13
1715,5
1716,14
1717,0
1718,0
1719,14
1720,6
1721,14
1722,8
1723,11
1724,1
1725,3
1726,13
1727,3
1728,9
1729,4
1730,13
1731,1
1732,0
1733,4
1734,4
1735,2
1736,0
1737,5
1738,6
1739,0
1740,7
1741,0
1742,1
1743,9
1744,9
1745,4
1746,2
1747,5
1748,6
1749,10
1750,5
1751,11
1752,1
1753,4
1754,14
1755,3
1756,1
1757,6
1758,2
1759,2
1760,3
1761,11
1762,13
1763,14
1764,5
1765,5
1766,0
1767,14
1768,1
1769,6
1770,2
1771,8
1772,4
1773,8
1774,14
1775,0
1776,7
1777,2
1778,1
1779,7
1780,3
1781,10
1782,2
1783,4
1784,8
1785,1
1786,5
1787,2
1788,14
1789,5
1790,4
1791,7
1792,14
1793,2
1794,11
1795,2
1796,14
1797,2
1798,4
1799,5
1800,4
1801,12
1802,6
1803,11
1804,7
1805,11
1806,4
1807,5
1808,6
1809,4
1810,5
1811,10
1812,7
1813,9
1814,3
1815,9
1816,5
1817,4
1818,3
1819,4
1820,2
1821,4
1822,6
1823,0
1824,1
1825,0
1826,1
1827,7
1828,0
1829,6
1830,4
1831,0
1832,4
1833,9
1834,14
1835,3
1836,6
1837,4
1838,7
1839,13
1840,2
1841,0
1842,2
1843,1
1844,14
1845,14
1846,5
1847,4
1848,8
1849,7
1850,0
1851,2
1852,2
1853,1
1854,6
1855,4
1856,8
1857,7
1858,10
1859,14
1860,14
1861,5
1862,10
1863,2
1864,8
1865,2
1866,0
1867,1
1868,2
1869,3
1870,13
1871,5
1872,13
1873,4
1874,2
1875,3
1876,14
1877,0
1878,8
1879,5
1880,5
1881,0
1882,10
1883,9
1884,5
1885,14
1886,3
1887,4
1888,13
1889,4
1890,7
1891,0
1892,2
1893,1
1894,1
1895,6
1896,5
1897,11
1898,3
1899,4
1900,8
1901,5
1902,2
1903,7
1904,0
1905,1
1906,5
1907,6
1908,6
1909,5
1910,5
1911,2
1912,5
1913,2
1914,14
1915,14
1916,7
1917,8
1918,14
1919,2
1920,10
1921,7
1922,2
1923,0
1924,5
1925,5
1926,0
1927,6
1928,5
1929,6
1930,10
1931,4
1932,5
1933,2
1934,9
1935,0
1936,2
1937,14
1938,4
1939,13
1940,2
1941,7
1942,4
1943,11
1944,4
1945,2
1946,0
1947,0
1948,4
1949,4
1950,5
1951,0
1952,14
1953,14
1954,0
1955,14
1956,4
1957,13
1958,1
1959,14
1960,2
1961,3
1962,11
1963,4
1964,0
1965,1
1966,3
1967,5
1968,7
1969,4
1970,0
1971,4
1972,0
1973,4
1974,5
1975,13
1976,5
1977,2
1978,7
1979,5
1980,0
1981,8
1982,14
1983,0
1984,4
1985,5
1986,0
1987,10
1988,4
1989,4
1990,0
1991,11
1992,10
1993,4
1994,1
1995,3
1996,4
1997,3
1998,6
1999,6
2000,4
2001,7
2002,2
2003,8
2004,2
2005,4
2006,14
2007,3
2008,14
2009,5
2010,0
2011,4
2012,0
2013,1
2014,4
2015,6
2016,10
2017,12
2018,5
2019,10
2020,5
2021,4
2022,1
2023,1
2024,3
2025,4
2026,4
2027,14
2028,10
2029,1
2030,13
2031,11
2032,4
2033,0
2034,5
2035,10
2036,8
2037,5
2038,5
2039,14
2040,4
2041,10
2042,13
2043,7
2044,13
2045,1
2046,10
2047,13
2048,5
2049,0
2050,14
2051,14
2052,14
2053,5
2054,0
2055,3
2056,2
2057,5
2058,0
2059,0
2060,14
2061,0
2062,0
2063,2
2064,5
2065,13
2066,6
2067,2
2068,5
2069,1
2070,0
2071,5
2072,4
2073,10
2074,2
2075,5
2076,2
2077,3
2078,1
2079,4
2080,14
2081,1
2082,1
2083,5
2084,5
2085,6
2086,0
2087,5
2088,10
2089,14
2090,6
2091,2
2092,0
2093,8
2094,5
2095,8
2096,1
2097,0
2098,4
2099,10
2100,10
2101,2
2102,14
2103,2
2104,0
2105,1
2106,14
2107,3
2108,0
2109,3
2110,5
2111,6
2112,10
2113,8
2114,4
2115,1
2116,1
2117,5
2118,14
2119,5
2120,1
2121,2
2122,4
2123,5
2124,2
2125,14
2126,1
2127,10
2128,14
2129,1
2130,8
2131,0
2132,2
2133,0
2134,5
2135,1
2136,2
2137,13
2138,2
2139,5
2140,4
2141,3
2142,3
2143,8
2144,11
2145,8
2146,7
2147,1
2148,2
2149,1
2150,1
2151,4
2152,8
2153,4
2154,10
2155,1
2156,5
2157,8
2158,10
2159,8
2160,0
2161,6
2162,8
2163,0
2164,4
2165,7
2166,0
2167,1
2168,5
2169,5
2170,9
2171,14
2172,8
2173,2
2174,11
2175,7
2176,5
2177,13
2178,5
2179,5
2180,1
2181,8
2182,4
2183,3
2184,13
2185,14
2186,4
2187,9
2188,4
2189,4
2190,10
2191,13
2192,5
2193,0
2194,1
2195,0
2196,3
2197,13
2198,1
2199,10
2200,2
2201,13
2202,2
2203,5
2204,4
2205,14
2206,8
2207,14
2208,14
2209,1
2210,0
2211,8
2212,13
2213,1
2214,5
2215,9
2216,6
2217,0
2218,4
2219,10
2220,14
2221,8
2222,2
2223,13
2224,11
2225,8
2226,4
2227,14
2228,5
2229,14
2230,2
2231,10
2232,5
2233,0
2234,0
2235,2
2236,4
2237,9
2238,14
2239,5
2240,14
2241,3
2242,3
2243,2
2244,0
2245,10
2246,13
2247,11
2248,3
2249,13
2250,4
2251,0
2252,14
2253,5
2254,0
2255,14
2256,4
2257,14
2258,0
2259,9
2260,6
2261,4
2262,8
2263,14
2264,2
2265,6
2266,4
2267,14
2268,0
2269,5
2270,1
2271,5
2272,3
2273,13
2274,2
2275,4
2276,8
2277,8
2278,14
2279,8
2280,3
2281,2
2282,2
2283,5
2284,2
2285,14
2286,1
2287,1
2288,2
2289,1
2290,14
2291,6
2292,1
2293,1
2294,5
2295,0
2296,2
2297,5
2298,0
2299,1
2300,4
2301,7
2302,7
2303,1
2304,5
2305,5
2306,1
2307,4
2308,2
2309,10
2310,11
2311,14
2312,5
2313,2
2314,4
2315,10
2316,14
2317,5
2318,1
2319,4
2320,5
2321,14
2322,0
2323,5
2324,3
2325,0
2326,2
2327,6
2328,3
2329,4
2330,12
2331,1
2332,0
2333,3
2334,2
2335,0
2336,5
2337,6
2338,9
2339,0
2340,6
2341,5
2342,2
2343,4
2344,9
2345,5
2346,0
2347,4
2348,5
2349,14
2350,3
2351,1
2352,6
2353,13
2354,0
2355,2
2356,0
2357,6
2358,5
2359,5
2360,0
2361,0
2362,0
2363,6
2364,14
2365,0
2366,8
2367,1
2368,7
2369,4
2370,9
2371,1
2372,1
2373,13
2374,1
2375,3
2376,0
2377,2
2378,0
2379,4
2380,1
2381,2
2382,4
2383,10
2384,7
2385,2
2386,14
2387,5
2388,5
2389,4
2390,10
2391,0
2392,0
2393,7
2394,5
2395,0
2396,14
2397,6
2398,4
2399,4
2400,13
2401,8
2402,1
2403,4
2404,1
2405,13
2406,6
2407,5
2408,14
2409,5
2410,1
2411,4
2412,9
2413,11
2414,1
2415,0
2416,4
2417,13
2418,10
2419,2
2420,8
2421,8
2422,2
2423,8
2424,2
2425,7
2426,2
2427,0
2428,5
2429,4
2430,2
2431,7
2432,2
2433,0
2434,2
2435,0
2436,1
2437,6
2438,4
2439,9
2440,5
2441,0
2442,14
2443,3
2444,1
2445,8
2446,0
2447,2
2448,10
2449,0
2450,2
2451,4
2452,2
2453,0
2454,7
2455,3
2456,0
2457,8
2458,10
2459,4
2460,5
2461,4
2462,0
2463,8
2464,1
2465,8
2466,14
2467,1
2468,0
2469,5
2470,0
2471,0
2472,13
2473,2
2474,0
2475,1
2476,9
2477,1
2478,0
2479,6
2480,9
2481,7
2482,10
2483,0
2484,4
2485,14
2486,5
2487,9
2488,5
2489,3
2490,5
2491,2
2492,4
2493,10
2494,4
2495,11
2496,14
2497,7
2498,0
2499,13
2500,14
2501,8
2502,1
2503,0
2504,12
2505,4
2506,1
2507,14
2508,7
2509,5
2510,1
2511,1
2512,2
2513,0
2514,4
2515,1
2516,10
2517,4
2518,13
2519,8
2520,13
2521,6
2522,2
2523,14
2524,14
2525,5
2526,3
2527,7
2528,1
2529,8
2530,5
2531,5
2532,3
2533,5
2534,9
2535,8
2536,4
2537,0
2538,3
2539,0
2540,4
2541,4
2542,4
2543,4
2544,0
2545,5
2546,12
2547,1
2548,5
2549,6
2550,13
2551,0
2552,5
2553,14
2554,11
2555,5
2556,13
2557,1
2558,0
2559,8
2560,1
2561,6
2562,0
2563,3
2564,2
2565,4
2566,7
2567,13
2568,10
2569,14
2570,4
2571,5
2572,5
2573,0
2574,4
2575,13
2576,1
2577,14
2578,14
2579,14
2580,4
2581,4
2582,2
2583,1
2584,7
2585,3
2586,10
2587,2
2588,7
2589,8
2590,1
2591,1
2592,13
2593,14
2594,8
2595,14
2596,5
2597,0
2598,5
2599,1
2600,7
2601,14
2602,9
2603,1
2604,6
2605,0
2606,7
2607,5
2608,10
2609,4
2610,0
2611,1
2612,4
2613,11
2614,11
2615,4
2616,8
2617,5
2618,2
2619,5
2620,9
2621,2
2622,4
2623,8
2624,5
2625,7
2626,11
2627,4
2628,1
2629,11
2630,1
2631,14
2632,13
2633,5
2634,0
2635,2
2636,14
2637,3
2638,1
2639,7
2640,8
2641,4
2642,0
2643,8
2644,0
2645,5
2646,7
2647,2
2648,2
2649,13
2650,4
2651,14
2652,4
2653,2
2654,9
2655,3
2656,2
2657,4
2658,8
2659,0
2660,2
2661,6
2662,4
2663,14
2664,12
2665,8
2666,4
2667,4
2668,12
2669,14
2670,13
2671,0
2672,0
2673,10
2674,5
2675,14
2676,4
2677,0
2678,6
2679,1
2680,6
2681,14
2682,4
2683,0
2684,3
2685,10
2686,0
2687,12
2688,5
2689,14
2690,0
2691,4
2692,1
2693,7
2694,0
2695,4
2696,13
2697,10
2698,5
2699,0
2700,1
2701,0
2702,3
2703,8
2704,2
2705,2
2706,11
2707,1
2708,1
2709,0
2710,6
2711,4
2712,5
2713,2
2714,9
2715,4
2716,2
2717,8
2718,2
2719,1
2720,4
2721,1
2722,4
2723,7
2724,4
2725,11
2726,7
2727,14
2728,14
2729,1
2730,0
2731,5
2732,1
2733,0
2734,4
2735,11
2736,7
2737,1
2738,7
2739,14
2740,7
2741,5
2742,8
2743,0
2744,8
2745,0
2746,14
2747,12
2748,8
2749,2
2750,12
2751,5
2752,2
2753,1
2754,6
2755,13
2756,0
2757,4
2758,13
2759,0
2760,8
2761,3
2762,14
2763,5
2764,10
2765,4
2766,5
2767,14
2768,2
2769,0
2770,6
2771,1
2772,2
2773,8
2774,2
2775,13
2776,10
2777,8
2778,1
2779,9
2780,5
2781,5
2782,13
2783,0
2784,7
2785,14
2786,5
2787,0
2788,7
2789,8
2790,3
2791,2
2792,12
2793,13
2794,6
2795,0
2796,6
2797,8
2798,10
2799,13
2800,7
2801,5
2802,1
2803,6
2804,8
2805,7
2806,2
2807,14
2808,1
2809,14
2810,13
2811,14
2812,6
2813,5
2814,8
2815,0
2816,0
2817,5
2818,13
2819,0
2820,0
2821,13
2822,0
2823,13
2824,7
2825,10
2826,4
2827,2
2828,10
2829,5
2830,6
2831,8
2832,5
2833,8
2834,2
2835,14
2836,14
2837,11
2838,4
2839,11
2840,4
2841,14
2842,10
2843,1
2844,12
2845,1
2846,14
2847,5
2848,8
2849,7
2850,5
2851,4
2852,5
2853,8
2854,14
2855,1
2856,3
2857,4
2858,0
2859,0
2860,14
2861,10
2862,6
2863,5
2864,4
2865,4
2866,1
2867,2
2868,6
2869,7
2870,2
2871,7
2872,0
2873,2
2874,6
2875,0
2876,1
2877,6
2878,2
2879,0
2880,7
2881,10
2882,13
2883,5
2884,0
2885,11
2886,0
2887,1
2888,10
2889,7
2890,1
2891,2
2892,0
2893,0
2894,11
2895,7
2896,13
2897,5
2898,1
2899,2
2900,4
2901,11
2902,10
2903,4
2904,4
2905,10
2906,1
2907,12
2908,9
2909,10
2910,14
2911,6
2912,2
2913,7
2914,3
2915,8
2916,5
2917,14
2918,4
2919,7
2920,5
2921,14
2922,2
2923,3
2924,14
2925,5
2926,5
2927,0
2928,0
2929,8
2930,14
2931,14
2932,0
2933,5
2934,1
2935,7
2936,6
2937,0
2938,3
2939,4
2940,6
2941,0
2942,9
2943,7
2944,0
2945,0
2946,4
2947,5
2948,8
2949,6
2950,5
2951,0
2952,13
2953,5
2954,0
2955,5
2956,10
2957,11
2958,1
2959,13
2960,14
2961,3
2962,2
2963,13
2964,2
2965,1
2966,0
2967,8
2968,4
2969,8
2970,9
2971,0
2972,5
2973,14
2974,1
2975,14
2976,4
2977,10
2978,4
2979,12
2980,2
2981,5
2982,1
2983,4
2984,14
2985,8
2986,6
2987,2
2988,3
2989,4
2990,2
2991,2
2992,9
2993,6
2994,4
2995,14
2996,14
2997,2
2998,3
2999,10
3000,2
3001,5
3002,8
3003,7
3004,5
3005,14
3006,5
3007,6
3008,0
3009,14
3010,4
3011,4
3012,6
3013,5
3014,4
3015,8
3016,14
3017,1
3018,13
3019,0
3020,4
3021,2
3022,14
3023,11
3024,1
3025,0
3026,2
3027,9
3028,14
3029,6
3030,13
3031,9
3032,3
3033,3
3034,1
3035,2
3036,0
3037,2
3038,8
3039,1
3040,10
3041,14
3042,2
3043,14
3044,3
3045,6
3046,11
3047,7
3048,6
3049,11
3050,13
3051,14
3052,8
3053,1
3054,5
3055,14
3056,4
3057,13
3058,4
3059,7
3060,13
3061,4
3062,4
3063,4
3064,4
3065,6
3066,5
3067,0
3068,5
3069,5
3070,3
3071,7
3072,5
3073,1
3074,8
3075,1
3076,0
3077,7
3078,6
3079,4
3080,14
3081,8
3082,4
3083,4
3084,7
3085,3
3086,14
3087,14
3088,14
3089,0
3090,2
3091,2
3092,6
3093,4
3094,14
3095,5
3096,0
3097,14
3098,7
3099,5
3100,2
3101,4
3102,7
3103,14
3104,1
3105,1
3106,4
3107,5
3108,11
3109,4
3110,13
3111,14
3112,1
3113,4
3114,13
3115,8
3116,14
3117,9
3118,11
3119,7
3120,2
3121,14
3122,7
3123,6
3124,8
3125,5
3126,5
3127,14
3128,8
3129,14
3130,4
3131,4
3132,2
3133,14
3134,0
3135,14
3136,3
3137,13
3138,10
3139,8
3140,0
3141,14
3142,1
3143,4
3144,0
3145,10
3146,7
3147,4
3148,9
3149,0
3150,13
3151,9
3152,0
3153,2
3154,9
3155,4
3156,14
3157,10
3158,0
3159,14
3160,7
3161,6
3162,13
3163,5
3164,4
3165,4
3166,4
3167,2
3168,8
3169,5
3170,12
3171,4
3172,6
3173,0
3174,9
3175,5
3176,4
3177,9
3178,3
3179,14
3180,3
3181,10
3182,5
3183,5
3184,8
3185,14
3186,10
3187,5
3188,1
3189,9
3190,14
3191,0
3192,5
3193,2
3194,1
3195,14
3196,6
3197,1
3198,0
3199,14
3200,7
3201,0
3202,0
3203,4
3204,3
3205,5
3206,6
3207,10
3208,14
3209,7
3210,4
3211,8
3212,0
3213,1
3214,6
3215,6
3216,14
3217,9
3218,7
3219,4
3220,2
3221,5
3222,8
3223,10
3224,8
3225,7
3226,5
3227,3
3228,0
3229,8
3230,8
3231,0
3232,4
3233,3
3234,4
3235,3
3236,4
3237,14
3238,8
3239,12
3240,7
3241,0
3242,8
3243,3
3244,0
3245,2
3246,5
3247,4
3248,2
3249,2
3250,2
3251,14
3252,12
3253,13
3254,8
3255,4
3256,1
3257,5
3258,7
3259,4
3260,8
3261,5
3262,4
3263,2
3264,5
3265,4
3266,13
3267,0
3268,11
3269,0
3270,2
3271,0
3272,14
3273,2
3274,8
3275,12
3276,4
3277,1
3278,6
3279,7
3280,4
3281,1
3282,8
3283,5
3284,4
3285,8
3286,14
3287,13
3288,5
3289,13
3290,5
3291,6
3292,14
3293,13
3294,4
3295,13
3296,4
3297,5
3298,13
3299,2
3300,0
3301,5
3302,5
3303,4
3304,13
3305,14
3306,4
3307,0
3308,6
3309,4
3310,5
3311,14
3312,1
3313,13
3314,2
3315,1
3316,2
3317,4
3318,1
3319,8
3320,4
3321,0
3322,2
3323,5
3324,5
3325,1
3326,5
3327,0
3328,3
3329,5
3330,14
3331,2
3332,11
3333,4
3334,8
3335,6
3336,0
3337,5
3338,1
3339,14
3340,4
3341,0
3342,14
3343,2
3344,8
3345,8
3346,2
3347,7
3348,13
3349,14
3350,14
3351,8
3352,2
3353,4
3354,14
3355,5
3356,4
3357,0
3358,13
3359,0
3360,5
3361,13
3362,2
3363,14
3364,8
3365,2
3366,14
3367,3
3368,7
3369,7
3370,14
3371,1
3372,3
3373,2
3374,3
3375,13
3376,0
3377,2
3378,14
3379,8
3380,4
3381,2
3382,0
3383,14
3384,1
3385,5
3386,4
3387,11
3388,1
3389,4
3390,3
3391,3
3392,5
3393,0
3394,14
3395,13
3396,14
3397,10
3398,4
3399,0
3400,13
3401,3
3402,3
3403,5
3404,14
3405,7
3406,4
3407,1
3408,8
3409,2
3410,14
3411,0
3412,1
3413,3
3414,3
3415,0
3416,0
3417,3
3418,8
3419,1
3420,4
3421,2
3422,14
3423,13
3424,7
3425,8
3426,6
3427,4
3428,10
3429,5
3430,4
3431,5
3432,8
3433,5
3434,13
3435,6
3436,2
3437,2
3438,6
3439,13
3440,4
3441,3
3442,4
3443,10
3444,4
3445,4
3446,5
3447,8
3448,0
3449,7
3450,6
3451,8
3452,11
3453,4
3454,0
3455,5
3456,5
3457,5
3458,14
3459,3
3460,14
3461,6
3462,0
3463,1
3464,5
3465,0
3466,5
3467,5
3468,4
3469,5
3470,5
3471,1
3472,14
3473,5
3474,4
3475,2
3476,10
3477,8
3478,5
3479,2
3480,8
3481,4
3482,4
3483,13
3484,2
3485,3
3486,4
3487,8
3488,14
3489,2
3490,4
3491,8
3492,4
3493,4
3494,0
3495,7
3496,2
3497,8
3498,7
3499,6
3500,7
3501,4
3502,2
3503,11
3504,10
3505,14
3506,11
3507,9
3508,5
3509,5
3510,14
3511,11
3512,10
3513,13
3514,14
3515,6
3516,4
3517,14
3518,2
3519,8
3520,2
3521,0
3522,8
3523,8
3524,0
3525,1
3526,9
3527,2
3528,9
3529,1
3530,0
3531,0
3532,1
3533,8
3534,1
3535,4
3536,0
3537,5
3538,2
3539,2
3540,2
3541,14
3542,9
3543,5
3544,8
3545,8
3546,11
3547,3
3548,2
3549,2
3550,5
3551,5
3552,4
3553,4
3554,9
3555,7
3556,6
3557,3
3558,4
3559,3
3560,6
3561,0
3562,1
3563,2
3564,0
3565,9
3566,0
3567,10
3568,2
3569,1
3570,9
3571,8
3572,0
3573,3
3574,2
3575,10
3576,5
3577,8
3578,14
3579,14
3580,3
3581,1
3582,7
3583,14
3584,2
3585,8
3586,4
3587,0
3588,0
3589,2
3590,4
3591,10
3592,14
3593,9
3594,14
3595,14
3596,4
3597,4
3598,3
3599,14
3600,4
3601,4
3602,7
3603,4
3604,1
3605,5
3606,0
3607,8
3608,2
3609,14
3610,10
3611,4
3612,1
3613,5
3614,1
3615,8
3616,4
3617,8
3618,0
3619,2
3620,8
3621,0
3622,0
3623,0
3624,9
3625,2
3626,2
3627,4
3628,4
3629,6
3630,14
3631,2
3632,1
3633,11
3634,14
3635,0
3636,2
3637,10
3638,8
3639,4
3640,14
3641,2
3642,7
3643,4
3644,0
3645,2
3646,9
3647,5
3648,0
3649,0
3650,8
3651,4
3652,2
3653,6
3654,8
3655,10
3656,1
3657,2
3658,4
3659,6
3660,10
3661,0
3662,9
3663,4
3664,0
3665,0
3666,7
3667,8
3668,14
3669,14
3670,10
3671,2
3672,4
3673,10
3674,6
3675,14
3676,11
3677,7
3678,7
3679,4
3680,4
3681,11
3682,10
3683,4
3684,8
3685,5
3686,6
3687,0
3688,5
3689,13
3690,2
3691,5
3692,1
3693,14
3694,4
3695,6
3696,4
3697,0
3698,4
3699,1
3700,3
3701,7
3702,0
3703,2
3704,2
3705,7
3706,1
3707,7
3708,2
3709,14
3710,8
3711,8
3712,2
3713,1
3714,4
3715,13
3716,5
3717,2
3718,0
3719,1
3720,5
3721,4
3722,3
3723,0
3724,14
3725,5
3726,5
3727,1
3728,0
3729,10
3730,1
3731,14
3732,4
3733,5
3734,6
3735,0
3736,0
3737,0
3738,6
3739,1
3740,14
3741,0
3742,7
3743,0
3744,8
3745,13
3746,9
3747,4
3748,3
3749,0
3750,6
3751,5
3752,7
3753,14
3754,6
3755,8
3756,7
3757,2
3758,2
3759,13
3760,5
3761,2
3762,11
3763,11
3764,5
3765,5
3766,4
3767,5
3768,5
3769,0
3770,0
3771,4
3772,1
3773,8
3774,1
3775,14
3776,5
3777,8
3778,10
3779,0
3780,0
3781,2
3782,3
3783,13
3784,8
3785,14
3786,4
3787,0
3788,4
3789,5
3790,13
3791,0
3792,5
3793,1
3794,7
3795,2
3796,6
3797,5
3798,8
3799,2
3800,0
3801,14
3802,14
3803,5
3804,1
3805,8
3806,0
3807,9
3808,5
3809,14
3810,4
3811,0
3812,4
3813,2
3814,4
3815,5
3816,0
3817,2
3818,10
3819,4
3820,6
3821,3
3822,1
3823,4
3824,5
3825,2
3826,5
3827,7
3828,4
3829,8
3830,3
3831,13
3832,0
3833,3
3834,11
3835,5
3836,10
3837,14
3838,14
3839,0
3840,2
3841,4
3842,3
3843,2
3844,2
3845,4
3846,5
3847,0
3848,5
3849,1
3850,14
3851,5
3852,5
3853,8
3854,1
3855,0
3856,5
3857,5
3858,14
3859,4
3860,3
3861,6
3862,10
3863,0
3864,5
3865,1
3866,2
3867,14
3868,1
3869,2
3870,5
3871,3
3872,1
3873,2
3874,13
3875,6
3876,3
3877,11
3878,8
3879,2
3880,5
3881,14
3882,5
3883,2
3884,4
3885,14
3886,1
3887,0
3888,4
3889,14
3890,2
3891,9
3892,3
3893,0
3894,9
3895,4
3896,2
3897,5
3898,4
3899,4
3900,14
3901,2
3902,4
3903,2
3904,11
3905,5
3906,4
3907,10
3908,3
3909,8
3910,2
3911,3
3912,5
3913,5
3914,1
3915,5
3916,8
3917,2
3918,4
3919,8
3920,0
3921,0
3922,5
3923,6
3924,11
3925,8
3926,2
3927,14
3928,1
3929,0
3930,5
3931,9
3932,6
3933,10
3934,2
3935,6
3936,3
3937,4
3938,3
3939,5
3940,13
3941,8
3942,14
3943,14
3944,0
3945,4
3946,2
3947,14
3948,5
3949,4
3950,4
3951,9
3952,14
3953,6
3954,6
3955,0
3956,5
3957,14
3958,4
3959,11
3960,0
3961,14
3962,4
3963,0
3964,1
3965,8
3966,6
3967,6
3968,4
3969,14
3970,6
3971,8
3972,0
3973,1
3974,6
3975,2
3976,3
3977,2
3978,2
3979,14
3980,5
3981,0
3982,13
3983,0
3984,2
3985,0
3986,12
3987,2
3988,12
3989,0
3990,13
3991,14
3992,0
3993,3
3994,0
3995,4
3996,14
3997,14
3998,6
3999,10
4000,2
4001,9
4002,2
4003,1
4004,2
4005,14
4006,14
4007,2
4008,1
4009,2
4010,8
4011,9
4012,5
4013,0
4014,7
4015,1
4016,1
4017,8
4018,10
4019,13
4020,5
4021,12
4022,2
4023,2
4024,11
4025,11
4026,9
4027,6
4028,6
4029,2
4030,0
4031,6
4032,14
4033,11
4034,5
4035,7
4036,10
4037,5
4038,4
4039,11
4040,5
4041,10
4042,10
4043,11
4044,2
4045,1
4046,4
4047,5
4048,5
4049,5
4050,6
4051,5
4052,4
4053,8
4054,2
4055,2
4056,4
4057,5
4058,8
4059,2
4060,12
4061,11
4062,4
4063,14
4064,5
4065,4
4066,3
4067,2
4068,10
4069,12
4070,0
4071,4
4072,3
4073,7
4074,0
4075,8
4076,8
4077,12
4078,1
4079,8
4080,7
4081,4
4082,0
4083,11
4084,4
4085,5
4086,8
4087,10
4088,5
4089,2
4090,7
4091,5
4092,4
4093,1
4094,13
4095,7
4096,2
4097,8
4098,2
4099,6
4100,1
4101,10
4102,6
4103,0
4104,8
4105,0
4106,5
4107,0
4108,8
4109,1
4110,5
4111,2
4112,8
4113,14
4114,0
4115,14
4116,7
4117,14
4118,0
4119,2
4120,6
4121,1
4122,0
4123,6
4124,4
4125,8
4126,1
4127,4
4128,5
4129,3
4130,1
4131,11
4132,14
4133,5
4134,5
4135,3
4136,7
4137,13
4138,0
4139,6
4140,4
4141,2
4142,2
4143,5
4144,13
4145,5
4146,4
4147,10
4148,5
4149,14
4150,0
4151,0
4152,2
4153,11
4154,1
4155,0
4156,8
4157,13
4158,1
4159,7
4160,13
4161,5
4162,11
4163,4
4164,6
4165,1
4166,9
4167,14
4168,6
4169,8
4170,11
4171,2
4172,7
4173,0
4174,7
4175,8
4176,11
4177,7
4178,2
4179,10
4180,7
4181,4
4182,4
4183,4
4184,10
4185,8
4186,14
4187,13
4188,13
4189,4
4190,6
4191,7
4192,3
4193,5
4194,11
4195,7
4196,0
4197,12
4198,4
4199,4
4200,0
4201,8
4202,4
4203,14
4204,5
4205,10
4206,8
4207,7
4208,4
4209,6
4210,0
4211,0
4212,2
4213,4
4214,4
4215,6
4216,2
4217,6
4218,1
4219,2
4220,9
4221,5
4222,2
4223,0
4224,8
4225,4
4226,7
4227,7
4228,6
4229,9
4230,13
4231,1
4232,2
4233,13
4234,10
4235,10
4236,14
4237,0
4238,6
4239,2
4240,10
4241,5
4242,5
4243,11
4244,1
4245,3
4246,8
4247,1
4248,0
4249,4
4250,13
4251,12
4252,14
4253,8
4254,5
4255,8
4256,3
4257,13
4258,1
4259,4
4260,1
4261,0
4262,2
4263,2
4264,10
4265,8
4266,1
4267,1
4268,14
4269,4
4270,14
4271,14
4272,11
4273,2
4274,14
4275,1
4276,2
4277,2
4278,2
4279,13
4280,0
4281,8
4282,5
4283,1
4284,1
4285,14
4286,0
4287,14
4288,14
4289,2
4290,4
4291,1
4292,5
4293,8
4294,8
4295,2
4296,0
4297,8
4298,4
4299,3
4300,0
4301,1
4302,13
4303,2
4304,4
4305,7
4306,13
4307,3
4308,1
4309,10
4310,5
4311,7
4312,14
4313,10
4314,1
4315,8
4316,2
4317,4
4318,2
4319,7
4320,7
4321,3
4322,3
4323,1
4324,4
4325,8
4326,5
4327,11
4328,8
4329,5
4330,4
4331,4
4332,12
4333,7
4334,1
4335,8
4336,3
4337,4
4338,2
4339,2
4340,0
4341,5
4342,6
4343,6
4344,2
4345,7
4346,9
4347,3
4348,4
4349,0
4350,9
4351,6
4352,2
4353,8
4354,13
4355,3
4356,1
4357,5
4358,4
4359,14
4360,4
4361,2
4362,11
4363,2
4364,13
4365,14
4366,5
4367,0
4368,2
4369,5
4370,1
4371,8
4372,8
4373,0
4374,5
4375,9
4376,14
4377,0
4378,0
4379,6
4380,14
4381,0
4382,9
4383,0
4384,2
4385,5
4386,4
4387,8
4388,11
4389,1
4390,0
4391,5
4392,4
4393,2
4394,2
4395,1
4396,5
4397,6
4398,9
4399,4
4400,13
4401,1
4402,4
4403,4
4404,8
4405,1
4406,4
4407,8
4408,14
4409,14
4410,14
4411,5
4412,14
4413,0
4414,2
4415,7
4416,14
4417,2
4418,3
4419,3
4420,4
4421,4
4422,8
4423,8
4424,7
4425,3
4426,2
4427,2
4428,2
4429,0
4430,11
4431,4
4432,6
4433,13
4434,5
4435,10
4436,4
4437,2
4438,2
4439,3
4440,8
4441,5
4442,0
4443,14
4444,12
4445,1
4446,5
4447,2
4448,5
4449,1
4450,2
4451,11
4452,4
4453,1
4454,1
4455,14
4456,3
4457,12
4458,10
4459,4
4460,14
4461,7
4462,8
4463,2
4464,7
4465,1
4466,7
4467,2
4468,4
4469,14
4470,1
4471,0
4472,0
4473,14
4474,2
4475,6
4476,4
4477,4
4478,8
4479,14
4480,4
4481,2
4482,8
4483,2
4484,9
4485,1
4486,14
4487,8
4488,8
4489,2
4490,14
4491,5
4492,0
4493,4
4494,2
4495,7
4496,4
4497,2
4498,7
4499,8
4500,6
4501,4
4502,14
4503,2
4504,8
4505,5
4506,10
4507,13
4508,4
4509,2
4510,5
4511,4
4512,14
4513,4
4514,11
4515,8
4516,2
4517,9
4518,3
4519,0
4520,6
4521,1
4522,2
4523,1
4524,8
4525,0
4526,5
4527,13
4528,4
4529,4
4530,5
4531,14
4532,14
4533,7
4534,1
4535,4
4536,14
4537,4
4538,8
4539,0
4540,4
4541,9
4542,4
4543,5
4544,3
4545,4
4546,8
4547,11
4548,6
4549,2
4550,9
4551,0
4552,8
4553,4
4554,4
4555,0
4556,2
4557,0
4558,8
4559,5
4560,4
4561,1
4562,7
4563,11
4564,4
4565,1
4566,9
4567,5
4568,5
4569,4
4570,8
4571,8
4572,5
4573,5
4574,0
4575,7
4576,2
4577,0
4578,3
4579,5
4580,1
4581,14
4582,6
4583,14
4584,10
4585,10
4586,5
4587,0
4588,9
4589,1
4590,1
4591,0
4592,4
4593,7
4594,11
4595,2
4596,11
4597,4
4598,14
4599,5
4600,7
4601,2
4602,14
4603,11
4604,5
4605,1
4606,1
4607,4
4608,8
4609,0
4610,3
4611,6
4612,2
4613,12
4614,14
4615,10
4616,9
4617,8
4618,8
4619,6
4620,1
4621,4
4622,8
4623,2
4624,10
4625,14
4626,2
4627,0
4628,0
4629,14
4630,11
4631,11
4632,8
4633,0
4634,4
4635,5
4636,5
4637,0
4638,14
4639,8
4640,11
4641,12
4642,4
4643,5
4644,14
4645,0
4646,1
4647,5
4648,13
4649,14
4650,10
4651,2
4652,2
4653,1
4654,8
4655,0
4656,1
4657,11
4658,2
4659,3
4660,6
4661,2
4662,1
4663,4
4664,4
4665,9
4666,5
4667,11
4668,3
4669,0
4670,5
4671,2
4672,3
4673,1
4674,14
4675,4
4676,9
4677,1
4678,0
4679,5
4680,0
4681,2
4682,4
4683,5
4684,5
4685,14
4686,9
4687,4
4688,1
4689,4
4690,14
4691,0
4692,5
4693,14
4694,3
4695,2
4696,7
4697,14
4698,13
4699,6
4700,4
4701,11
4702,5
4703,5
4704,5
4705,13
4706,13
4707,13
4708,9
4709,7
4710,1
4711,2
4712,9
4713,4
4714,5
4715,1
4716,14
4717,2
4718,2
4719,0
4720,0
4721,4
4722,8
4723,14
4724,0
4725,1
4726,0
4727,14
4728,1
4729,1
4730,2
4731,6
4732,0
4733,6
4734,8
4735,1
4736,1
4737,0
4738,5
4739,5
4740,14
4741,1
4742,0
4743,7
4744,13
4745,10
4746,13
4747,12
4748,8
4749,5
4750,2
4751,5
4752,14
4753,3
4754,5
4755,6
4756,3
4757,1
4758,1
4759,0
4760,0
4761,4
4762,1
4763,14
4764,1
4765,7
4766,10
4767,4
4768,0
4769,3
4770,6
4771,9
4772,3
4773,1
4774,14
4775,8
4776,1
4777,5
4778,2
4779,7
4780,14
4781,3
4782,6
4783,14
4784,0
4785,7
4786,1
4787,4
4788,2
4789,13
4790,2
4791,4
4792,1
4793,7
4794,13
4795,14
4796,13
4797,14
4798,6
4799,7
4800,2
4801,0
4802,14
4803,2
4804,2
4805,4
4806,1
4807,4
4808,14
4809,5
4810,12
4811,4
4812,7
4813,0
4814,5
4815,5
4816,7
4817,2
4818,2
4819,1
4820,14
4821,0
4822,9
4823,4
4824,13
4825,4
4826,14
4827,1
4828,1
4829,14
4830,4
4831,0
4832,6
4833,2
4834,4
4835,2
4836,10
4837,0
4838,7
4839,5
4840,11
4841,8
4842,12
4843,0
4844,14
4845,7
4846,5
4847,0
4848,14
4849,1
4850,0
4851,8
4852,3
4853,3
4854,1
4855,8
4856,12
4857,4
4858,6
4859,4
4860,2
4861,0
4862,2
4863,5
4864,4
4865,1
4866,2
4867,6
4868,6
4869,9
4870,6
4871,8
4872,0
4873,14
4874,2
4875,1
4876,4
4877,4
4878,4
4879,6
4880,14
4881,1
4882,14
4883,1
4884,14
4885,11
4886,2
4887,5
4888,8
4889,2
4890,0
4891,7
4892,4
4893,5
4894,10
4895,4
4896,7
4897,13
4898,0
4899,0
4900,1
4901,5
4902,4
4903,2
4904,14
4905,4
4906,12
4907,2
4908,0
4909,0
4910,2
4911,1
4912,5
4913,2
4914,5
4915,1
4916,8
4917,13
4918,14
4919,4
4920,11
4921,7
4922,8
4923,0
4924,2
4925,0
4926,14
4927,14
4928,3
4929,3
4930,14
4931,0
4932,5
4933,0
4934,14
4935,13
4936,2
4937,4
4938,0
4939,3
4940,1
4941,2
4942,4
4943,9
4944,5
4945,2
4946,4
4947,0
4948,13
4949,1
4950,4
4951,13
4952,7
4953,7
4954,5
4955,8
4956,8
4957,0
4958,7
4959,11
4960,2
4961,0
4962,14
4963,4
4964,4
4965,12
4966,10
4967,2
4968,14
4969,14
4970,13
4971,4
4972,12
4973,0
4974,2
4975,5
4976,7
4977,2
4978,5
4979,4
4980,10
4981,14
4982,8
4983,0
4984,14
4985,2
4986,8
4987,1
4988,4
4989,13
4990,9
4991,13
4992,10
4993,5
4994,4
4995,10
4996,13
4997,0
4998,4
4999,9
5000,4
5001,0
5002,1
5003,0
5004,3
5005,4
5006,2
5007,14
5008,10
5009,3
5010,14
5011,1
5012,8
5013,8
5014,7
5015,6
5016,10
5017,5
5018,0
5019,3
5020,8
5021,8
5022,2
5023,11
5024,12
5025,1
5026,2
5027,4
5028,0
5029,14
5030,11
5031,3
5032,14
5033,13
5034,0
5035,8
5036,0
5037,6
5038,1
5039,14
5040,1
5041,0
5042,8
5043,10
5044,7
5045,4
5046,13
5047,14
5048,1
5049,3
5050,14
5051,8
5052,2
5053,3
5054,14
5055,14
5056,0
5057,0
5058,2
5059,0
5060,0
5061,14
5062,14
5063,1
5064,3
5065,8
5066,7
5067,8
5068,4
5069,5
5070,2
5071,3
5072,5
5073,0
5074,14
5075,7
5076,1
5077,1
5078,1
5079,0
5080,4
5081,14
5082,2
5083,8
5084,1
5085,13
5086,3
5087,10
5088,0
5089,14
5090,8
5091,4
5092,4
5093,4
5094,8
5095,1
5096,4
5097,9
5098,5
5099,1
5100,11
5101,1
5102,12
5103,5
5104,14
5105,0
5106,8
5107,5
5108,7
5109,4
5110,4
5111,0
5112,1
5113,0
5114,8
5115,6
5116,1
5117,7
5118,1
5119,1
5120,1
5121,3
5122,7
5123,5
5124,13
5125,0
5126,14
5127,4
5128,13
5129,9
5130,2
5131,10
5132,2
5133,1
5134,0
5135,2
5136,4
5137,14
5138,2
5139,2
5140,2
5141,2
5142,14
5143,2
5144,1
5145,4
5146,4
5147,1
5148,3
5149,6
5150,4
5151,0
5152,2
5153,2
5154,3
5155,4
5156,0
5157,10
5158,14
5159,2
5160,0
5161,2
5162,9
5163,4
5164,14
5165,2
5166,0
5167,8
5168,14
5169,1
5170,4
5171,13
5172,7
5173,0
5174,2
5175,8
5176,2
5177,9
5178,4
5179,14
5180,13
5181,0
5182,0
5183,5
5184,8
5185,8
5186,7
5187,10
5188,4
5189,5
5190,3
5191,1
5192,4
5193,0
5194,14
5195,0
5196,6
5197,0
5198,1
5199,14
5200,6
5201,13
5202,4
5203,13
5204,14
5205,0
5206,2
5207,4
5208,5
5209,2
5210,12
5211,8
5212,14
5213,2
5214,3
5215,14
5216,2
5217,14
5218,0
5219,4
5220,4
5221,5
5222,2
5223,4
5224,0
5225,4
5226,2
5227,14
5228,0
5229,4
5230,5
5231,0
5232,5
5233,8
5234,14
5235,0
5236,4
5237,11
5238,6
5239,2
5240,14
5241,3
5242,1
5243,1
5244,0
5245,4
5246,6
5247,5
5248,8
5249,4
5250,11
5251,0
5252,0
5253,6
5254,3
5255,14
5256,3
5257,5
5258,3
5259,1
5260,6
5261,1
5262,0
5263,1
5264,0
5265,2
5266,10
5267,3
5268,5
5269,14
5270,5
5271,14
5272,7
5273,0
5274,0
5275,3
5276,5
5277,8
5278,6
5279,11
5280,2
5281,4
5282,8
5283,0
5284,11
5285,1
5286,4
5287,10
5288,1
5289,9
5290,4
5291,3
5292,5
5293,6
5294,14
5295,2
5296,11
5297,7
5298,5
5299,14
5300,4
5301,8
5302,10
5303,0
5304,7
5305,3
5306,5
5307,2
5308,14
5309,5
5310,13
5311,7
5312,10
5313,1
5314,1
5315,4
5316,8
5317,2
5318,3
5319,0
5320,8
5321,4
5322,4
5323,0
5324,4
5325,13
5326,5
5327,0
5328,8
5329,5
5330,7
5331,4
5332,1
5333,14
5334,4
5335,1
5336,10
5337,4
5338,8
5339,5
5340,14
5341,8
5342,8
5343,4
5344,14
5345,2
5346,3
5347,2
5348,5
5349,4
5350,10
5351,0
5352,3
5353,1
5354,13
5355,8
5356,8
5357,2
5358,6
5359,1
5360,2
5361,5
5362,10
5363,14
5364,3
5365,10
5366,6
5367,8
5368,2
5369,5
5370,0
5371,10
5372,14
5373,3
5374,2
5375,3
5376,1
5377,8
5378,13
5379,4
5380,7
5381,10
5382,10
5383,13
5384,2
5385,5
5386,7
5387,3
5388,2
5389,7
5390,9
5391,5
5392,11
5393,4
5394,8
5395,7
5396,7
5397,1
5398,5
5399,2
5400,3
5401,14
5402,4
5403,8
5404,0
5405,4
5406,0
5407,3
5408,11
5409,7
5410,11
5411,10
5412,0
5413,4
5414,5
5415,14
5416,9
5417,4
5418,4
5419,5
5420,4
5421,13
5422,0
5423,1
5424,3
5425,1
5426,7
5427,2
5428,5
5429,14
5430,5
5431,5
5432,14
5433,1
5434,4
5435,4
5436,1
5437,4
5438,3
5439,4
5440,4
5441,5
5442,6
5443,2
5444,8
5445,2
5446,6
5447,8
5448,6
5449,0
5450,5
5451,10
5452,0
5453,8
5454,7
5455,11
5456,5
5457,5
5458,1
5459,4
5460,2
5461,2
5462,6
5463,10
5464,0
5465,5
5466,0
5467,3
5468,1
5469,3
5470,1
5471,0
5472,4
5473,10
5474,13
5475,0
5476,0
5477,14
5478,14
5479,4
5480,13
5481,7
5482,8
5483,14
5484,10
5485,0
5486,2
5487,1
5488,7
5489,8
5490,2
5491,8
5492,0
5493,1
5494,4
5495,13
5496,4
5497,5
5498,1
5499,13
5500,5
5501,2
5502,4
5503,13
5504,2
5505,7
5506,2
5507,14
5508,3
5509,7
5510,4
5511,13
5512,5
5513,1
5514,10
5515,6
5516,1
5517,1
5518,13
5519,0
5520,2
5521,0
5522,4
5523,0
5524,0
5525,10
5526,1
5527,1
5528,6
5529,5
5530,5
5531,0
5532,8
5533,4
5534,6
5535,0
5536,2
5537,14
5538,7
5539,14
5540,4
5541,0
5542,13
5543,0
5544,3
5545,9
5546,7
5547,1
5548,14
5549,5
5550,4
5551,10
5552,4
5553,1
5554,1
5555,2
5556,10
5557,1
5558,2
5559,14
5560,10
5561,6
5562,1
5563,0
5564,5
5565,8
5566,2
5567,14
5568,10
5569,4
5570,4
5571,2
5572,5
5573,0
5574,0
5575,6
5576,14
5577,4
5578,5
5579,2
5580,9
5581,4
5582,3
5583,1
5584,0
5585,1
5586,2
5587,0
5588,14
5589,9
5590,0
5591,0
5592,9
5593,8
5594,8
5595,0
5596,10
5597,1
5598,7
5599,4
5600,5
5601,5
5602,5
5603,13
5604,4
5605,4
5606,2
5607,5
5608,4
5609,1
5610,0
5611,1
5612,7
5613,13
5614,10
5615,8
5616,11
5617,5
5618,14
5619,8
5620,1
5621,12
5622,5
5623,2
5624,4
5625,8
5626,5
5627,2
5628,10
5629,0
5630,3
5631,9
5632,13
5633,8
5634,5
5635,4
5636,7
5637,1
5638,5
5639,2
5640,8
5641,4
5642,13
5643,11
5644,4
5645,14
5646,14
5647,14
5648,2
5649,4
5650,4
5651,1
5652,0
5653,14
5654,1
5655,5
5656,8
5657,9
5658,0
5659,8
5660,7
5661,4
5662,14
5663,4
5664,4
5665,4
5666,2
5667,7
5668,14
5669,13
5670,13
5671,0
5672,4
5673,8
5674,13
5675,1
5676,4
5677,5
5678,14
5679,4
5680,6
5681,13
5682,5
5683,1
5684,5
5685,6
5686,8
5687,2
5688,13
5689,2
5690,6
5691,0
5692,5
5693,8
5694,5
5695,0
5696,1
5697,8
5698,14
5699,5
5700,2
5701,2
5702,14
5703,2
5704,0
5705,9
5706,2
5707,1
5708,0
5709,4
5710,9
5711,2
5712,5
5713,4
5714,2
5715,3
5716,1
5717,0
5718,6
5719,8
5720,6
5721,5
5722,1
5723,6
5724,10
5725,3
5726,2
5727,3
5728,4
5729,0
5730,5
5731,1
5732,5
5733,0
5734,6
5735,5
5736,1
5737,1
5738,5
5739,4
5740,4
5741,12
5742,14
5743,7
5744,14
5745,14
5746,1
5747,6
5748,2
5749,4
5750,6
5751,1
5752,5
5753,1
5754,7
5755,2
5756,7
5757,0
5758,2
5759,3
5760,14
5761,6
5762,4
5763,14
5764,14
5765,5
5766,0
5767,2
5768,0
5769,5
5770,0
5771,5
5772,0
5773,6
5774,1
5775,7
5776,6
5777,10
5778,14
5779,3
5780,10
5781,1
5782,11
5783,6
5784,8
5785,2
5786,14
5787,14
5788,6
5789,14
5790,0
5791,10
5792,14
5793,4
5794,0
5795,1
5796,9
5797,14
5798,6
5799,2
5800,7
5801,7
5802,4
5803,14
5804,4
5805,4
5806,13
5807,0
5808,2
5809,0
5810,2
5811,4
5812,4
5813,2
5814,2
5815,9
5816,5
5817,1
5818,1
5819,5
5820,0
5821,0
5822,13
5823,7
5824,8
5825,1
5826,5
5827,8
5828,0
5829,13
5830,2
5831,14
5832,5
5833,8
5834,7
5835,9
5836,1
5837,2
5838,2
5839,8
5840,7
5841,8
5842,13
5843,0
5844,2
5845,5
5846,2
5847,14
5848,2
5849,5
5850,2
5851,14
5852,9
5853,14
5854,2
5855,3
5856,5
5857,13
5858,6
5859,4
5860,8
5861,2
5862,14
5863,5
5864,4
5865,10
5866,14
5867,0
5868,1
5869,4
5870,5
5871,2
5872,0
5873,5
5874,2
5875,8
5876,13
5877,5
5878,2
5879,13
5880,14
5881,5
5882,0
5883,5
5884,2
5885,2
5886,0
5887,7
5888,1
5889,5
5890,13
5891,13
5892,6
5893,4
5894,14
5895,5
5896,3
5897,5
5898,8
5899,2
5900,9
5901,5
5902,7
5903,4
5904,3
5905,1
5906,11
5907,9
5908,0
5909,0
5910,2
5911,13
5912,13
5913,1
5914,7
5915,0
5916,2
5917,10
5918,8
5919,2
5920,0
5921,3
5922,14
5923,11
5924,6
5925,0
5926,13
5927,4
5928,2
5929,0
5930,2
5931,11
5932,8
5933,4
5934,0
5935,1
5936,14
5937,5
5938,8
5939,9
5940,3
5941,4
5942,14
5943,7
5944,7
5945,2
5946,7
5947,14
5948,0
5949,6
5950,1
5951,3
5952,4
5953,4
5954,14
5955,1
5956,3
5957,14
5958,1
5959,2
5960,2
5961,4
5962,6
5963,2
5964,0
5965,1
5966,5
5967,4
5968,0
5969,6
5970,1
5971,13
5972,5
5973,6
5974,12
5975,10
5976,14
5977,4
5978,14
5979,11
5980,4
5981,4
5982,7
5983,2
5984,0
5985,2
5986,5
5987,2
5988,9
5989,1
5990,5
5991,7
5992,3
5993,2
5994,8
5995,9
5996,13
5997,4
5998,0
5999,7
6000,5
6001,4
6002,1
6003,1
6004,5
6005,12
6006,14
6007,12
6008,6
6009,14
6010,9
6011,3
6012,8
6013,0
6014,10
6015,14
6016,0
6017,1
6018,4
6019,2
6020,1
6021,2
6022,6
6023,2
6024,5
6025,1
6026,4
6027,5
6028,9
6029,4
6030,6
6031,13
6032,4
6033,10
6034,5
6035,14
6036,5
6037,2
6038,1
6039,5
6040,14
6041,0
6042,13
6043,2
6044,7
6045,5
6046,2
6047,8
6048,11
6049,8
6050,2
6051,0
6052,8
6053,1
6054,5
6055,6
6056,0
6057,14
6058,0
6059,6
6060,0
6061,8
6062,8
6063,13
6064,7
6065,4
6066,5
6067,2
6068,5
6069,5
6070,2
6071,1
6072,8
6073,5
6074,2
6075,4
6076,4
6077,8
6078,4
6079,2
6080,8
6081,4
6082,4
6083,7
6084,7
6085,2
6086,14
6087,7
6088,4
6089,3
6090,7
6091,4
6092,2
6093,5
6094,1
6095,1
6096,5
6097,6
6098,2
6099,0
6100,14
6101,0
6102,4
6103,4
6104,4
6105,8
6106,0
6107,5
6108,4
6109,3
6110,0
6111,2
6112,5
6113,5
6114,7
6115,2
6116,10
6117,5
6118,3
6119,3
6120,8
6121,7
6122,2
6123,7
6124,14
6125,6
6126,0
6127,4
6128,6
6129,14
6130,4
6131,0
6132,11
6133,10
6134,4
6135,2
6136,5
6137,2
6138,4
6139,1
6140,9
6141,14
6142,10
6143,1
6144,10
6145,1
6146,0
6147,5
6148,1
6149,8
6150,5
6151,0
6152,14
6153,7
6154,10
6155,6
6156,2
6157,0
6158,7
6159,4
6160,2
6161,4
6162,2
6163,1
6164,13
6165,3
6166,7
6167,2
6168,3
6169,4
6170,5
6171,5
6172,1
6173,11
6174,4
6175,2
6176,11
6177,11
6178,0
6179,1
6180,8
6181,0
6182,1
6183,0
6184,0
6185,8
6186,2
6187,8
6188,8
6189,1
6190,14
6191,0
6192,10
6193,2
6194,11
6195,3
6196,14
6197,7
6198,5
6199,0
6200,14
6201,14
6202,4
6203,3
6204,7
6205,7
6206,4
6207,14
6208,5
6209,4
6210,8
6211,2
6212,1
6213,14
6214,1
6215,2
6216,7
6217,8
6218,1
6219,4
6220,4
6221,0
6222,5
6223,6
6224,10
6225,7
6226,4
6227,14
6228,11
6229,6
6230,4
6231,9
6232,13
6233,0
6234,4
6235,1
6236,1
6237,2
6238,2
6239,8
6240,10
6241,5
6242,2
6243,13
6244,4
6245,3
6246,2
6247,8
6248,5
6249,4
6250,7
6251,0
6252,9
6253,5
6254,10
6255,4
6256,7
6257,4
6258,3
6259,8
6260,4
6261,0
6262,10
6263,14
6264,4
6265,4
6266,8
6267,8
6268,1
6269,1
6270,13
6271,1
6272,2
6273,2
6274,1
6275,1
6276,0
6277,5
6278,1
6279,4
6280,2
6281,4
6282,7
6283,1
6284,1
6285,5
6286,5
6287,14
6288,13
6289,4
6290,10
6291,1
6292,2
6293,2
6294,7
6295,14
6296,10
6297,9
6298,4
6299,9
6300,9
6301,3
6302,2
6303,5
6304,0
6305,14
6306,0
6307,8
6308,4
6309,5
6310,2
6311,1
6312,5
6313,14
6314,4
6315,14
6316,1
6317,0
6318,5
6319,11
6320,4
6321,1
6322,4
6323,1
6324,1
6325,4
6326,1
6327,1
6328,3
6329,14
6330,4
6331,5
6332,0
6333,3
6334,2
6335,8
6336,4
6337,0
6338,10
6339,2
6340,4
6341,14
6342,0
6343,14
6344,5
6345,6
6346,9
6347,8
6348,1
6349,4
6350,5
6351,4
6352,5
6353,4
6354,3
6355,3
6356,0
6357,2
6358,2
6359,5
6360,8
6361,14
6362,14
6363,2
6364,4
6365,5
6366,0
6367,8
6368,9
6369,14
6370,3
6371,6
6372,3
6373,0
6374,0
6375,3
6376,4
6377,0
6378,1
6379,0
6380,10
6381,5
6382,5
6383,1
6384,5
6385,2
6386,8
6387,7
6388,3
6389,10
6390,9
6391,5
6392,4
6393,1
6394,8
6395,1
6396,10
6397,13
6398,5
6399,7
6400,2
6401,14
6402,7
6403,0
6404,7
6405,3
6406,1
6407,0
6408,1
6409,4
6410,5
6411,1
6412,2
6413,1
6414,0
6415,5
6416,11
6417,4
6418,14
6419,0
6420,1
6421,10
6422,2
6423,8
6424,7
6425,8
6426,7
6427,7
6428,4
6429,1
6430,2
6431,13
6432,3
6433,4
6434,1
6435,5
6436,9
6437,7
6438,8
6439,2
6440,1
6441,2
6442,5
6443,2
6444,0
6445,6
6446,3
6447,9
6448,11
6449,4
6450,7
6451,6
6452,1
6453,6
6454,11
6455,14
6456,5
6457,5
6458,4
6459,2
6460,9
6461,2
6462,3
6463,0
6464,0
6465,1
6466,6
6467,4
6468,2
6469,4
6470,1
6471,14
6472,1
6473,1
6474,2
6475,5
6476,0
6477,2
6478,7
6479,4
6480,0
6481,2
6482,2
6483,2
6484,10
6485,14
6486,10
6487,8
6488,5
6489,7
6490,2
6491,10
6492,0
6493,5
6494,2
6495,4
6496,14
6497,5
6498,7
6499,4
6500,2
6501,8
6502,2
6503,7
6504,9
6505,3
6506,2
6507,7
6508,1
6509,8
6510,4
6511,4
6512,2
6513,8
6514,14
6515,6
6516,8
6517,7
6518,1
6519,14
6520,10
6521,2
6522,12
6523,2
6524,1
6525,3
6526,14
6527,14
6528,11
6529,7
6530,7
6531,1
6532,7
6533,14
6534,5
6535,1
6536,5
6537,13
6538,14
6539,5
6540,8
6541,8
6542,5
6543,14
6544,13
6545,2
6546,14
6547,5
6548,5
6549,2
6550,14
6551,0
6552,14
6553,8
6554,4
6555,2
6556,2
6557,8
6558,14
6559,1
6560,9
6561,8
6562,7
6563,5
6564,7
6565,0
6566,0
6567,3
6568,14
6569,5
6570,0
6571,11
6572,1
6573,3
6574,4
6575,0
6576,0
6577,3
6578,3
6579,3
6580,8
6581,14
6582,5
6583,2
6584,3
6585,8
6586,4
6587,12
6588,6
6589,2
6590,4
6591,0
6592,4
6593,4
6594,2
6595,0
6596,1
6597,13
6598,3
6599,14
6600,0
6601,3
6602,0
6603,13
6604,2
6605,0
6606,3
6607,5
6608,13
6609,7
6610,0
6611,2
6612,14
6613,0
6614,3
6615,1
6616,4
6617,8
6618,1
6619,7
6620,5
6621,4
6622,6
6623,4
6624,9
6625,11
6626,0
6627,4
6628,4
6629,4
6630,14
6631,3
6632,4
6633,2
6634,0
6635,1
6636,11
6637,5
6638,2
6639,4
6640,10
6641,4
6642,1
6643,2
6644,6
6645,1
6646,1
6647,10
6648,8
6649,2
6650,1
6651,5
6652,8
6653,1
6654,4
6655,4
6656,7
6657,4
6658,3
6659,2
6660,5
6661,2
6662,0
6663,5
6664,13
6665,1
6666,2
6667,4
6668,2
6669,11
6670,10
6671,8
6672,10
6673,0
6674,4
6675,5
6676,12
6677,14
6678,4
6679,2
6680,0
6681,5
6682,0
6683,5
6684,4
6685,5
6686,6
6687,5
6688,2
6689,10
6690,0
6691,2
6692,1
6693,9
6694,2
6695,0
6696,13
6697,2
6698,4
6699,7
6700,14
6701,14
6702,4
6703,2
6704,13
6705,1
6706,8
6707,5
6708,1
6709,6
6710,14
6711,1
6712,0
6713,4
6714,1
6715,14
6716,2
6717,8
6718,0
6719,2
6720,8
6721,5
6722,10
6723,11
6724,4
6725,7
6726,8
6727,1
6728,1
6729,10
6730,5
6731,1
6732,4
6733,2
6734,13
6735,4
6736,4
6737,2
6738,14
6739,2
6740,5
6741,6
6742,2
6743,11
6744,13
6745,6
6746,6
6747,2
6748,11
6749,9
6750,0
6751,7
6752,10
6753,5
6754,7
6755,10
6756,10
6757,4
6758,6
6759,10
6760,2
6761,5
6762,13
6763,0
6764,11
6765,1
6766,4
6767,13
6768,10
6769,4
6770,1
6771,4
6772,5
6773,8
6774,1
6775,2
6776,2
6777,3
6778,14
6779,0
6780,4
6781,8
6782,4
6783,6
6784,8
6785,5
6786,14
6787,9
6788,0
6789,8
6790,9
6791,3
6792,0
6793,4
6794,8
6795,5
6796,2
6797,3
6798,5
6799,0
6800,7
6801,3
6802,4
6803,6
6804,14
6805,6
6806,4
6807,10
6808,10
6809,14
6810,0
6811,10
6812,13
6813,2
6814,5
6815,5
6816,8
6817,5
6818,14
6819,14
6820,2
6821,2
6822,5
6823,14
6824,2
6825,0
6826,5
6827,7
6828,7
6829,11
6830,10
6831,14
6832,0
6833,1
6834,6
6835,14
6836,1
6837,3
6838,1
6839,7
6840,1
6841,11
6842,0
6843,5
6844,10
6845,4
6846,14
6847,0
6848,8
6849,2
6850,12
6851,4
6852,4
6853,4
6854,14
6855,6
6856,7
6857,0
6858,3
6859,8
6860,6
6861,5
6862,7
6863,14
6864,7
6865,13
6866,4
6867,0
6868,6
6869,3
6870,0
6871,10
6872,4
6873,4
6874,5
6875,0
6876,5
6877,14
6878,9
6879,7
6880,10
6881,10
6882,1
6883,4
6884,2
6885,11
6886,6
6887,8
6888,3
6889,14
6890,13
6891,14
6892,6
6893,2
6894,0
6895,2
6896,8
6897,6
6898,2
6899,1
6900,11
6901,2
6902,8
6903,5
6904,2
6905,3
6906,14
6907,10
6908,4
6909,3
6910,11
6911,4
6912,4
6913,2
6914,4
6915,3
6916,8
6917,5
6918,0
6919,4
6920,0
6921,2
6922,8
6923,0
6924,4
6925,4
6926,6
6927,5
6928,2
6929,14
6930,0
6931,6
6932,1
6933,1
6934,4
6935,1
6936,6
6937,5
6938,5
6939,5
6940,14
6941,0
6942,1
6943,3
6944,2
6945,5
6946,2
6947,7
6948,11
6949,5
6950,6
6951,1
6952,5
6953,13
6954,11
6955,7
6956,0
6957,5
6958,3
6959,2
6960,1
6961,0
6962,8
6963,5
6964,14
6965,10
6966,13
6967,1
6968,2
6969,1
6970,8
6971,5
6972,2
6973,5
6974,13
6975,14
6976,8
6977,14
6978,8
6979,6
6980,2
6981,6
6982,8
6983,8
6984,4
6985,2
6986,1
6987,2
6988,1
6989,5
6990,1
6991,2
6992,4
6993,3
6994,3
6995,5
6996,4
6997,9
6998,4
6999,13
7000,2
7001,1
7002,11
7003,4
7004,7
7005,0
7006,5
7007,14
7008,11
7009,8
7010,1
7011,1
7012,7
7013,4
7014,1
7015,6
7016,14
7017,14
7018,5
7019,9
7020,2
7021,4
7022,14
7023,5
7024,14
7025,1
7026,2
7027,4
7028,4
7029,11
7030,3
7031,1
7032,6
7033,14
7034,0
7035,8
7036,4
7037,1
7038,6
7039,4
7040,4
7041,0
7042,5
7043,6
7044,8
7045,9
7046,14
7047,2
7048,6
7049,11
7050,3
7051,1
7052,4
7053,14
7054,5
7055,9
7056,1
7057,0
7058,0
7059,9
7060,1
7061,8
7062,8
7063,0
7064,5
7065,7
7066,2
7067,3
7068,5
7069,2
7070,4
7071,1
7072,5
7073,4
7074,1
7075,0
7076,9
7077,1
7078,0
7079,2
7080,2
7081,14
7082,14
7083,4
7084,13
7085,14
7086,0
7087,0
7088,9
7089,0
7090,0
7091,0
7092,13
7093,8
7094,8
7095,1
7096,12
7097,4
7098,7
7099,3
7100,7
7101,0
7102,10
7103,2
7104,5
7105,1
7106,5
7107,0
7108,11
7109,14
7110,4
7111,5
7112,2
7113,7
7114,1
7115,12
7116,5
7117,0
7118,5
7119,6
7120,2
7121,1
7122,14
7123,6
7124,2
7125,14
7126,5
7127,1
7128,1
7129,11
7130,11
7131,2
7132,4
7133,13
7134,7
7135,7
7136,9
7137,5
7138,5
7139,7
7140,3
7141,14
7142,14
7143,3
7144,2
7145,8
7146,4
7147,9
7148,5
7149,7
7150,3
7151,10
7152,0
7153,4
7154,1
7155,4
7156,1
7157,11
7158,1
7159,14
7160,4
7161,4
7162,4
7163,8
7164,4
7165,7
7166,14
7167,14
7168,1
7169,1
7170,1
7171,3
7172,2
7173,3
7174,1
7175,13
7176,0
7177,8
7178,7
7179,4
7180,10
7181,6
7182,4
7183,0
7184,5
7185,9
7186,8
7187,6
7188,14
7189,10
7190,0
7191,2
7192,7
7193,8
7194,9
7195,14
7196,13
7197,5
7198,0
7199,5
7200,5
7201,6
7202,5
7203,6
7204,5
7205,2
7206,5
7207,11
7208,6
7209,5
7210,5
7211,0
7212,1
7213,4
7214,0
7215,4
7216,5
7217,12
7218,2
7219,7
7220,2
7221,4
7222,14
7223,9
7224,4
7225,5
7226,9
7227,9
7228,2
7229,1
7230,2
7231,13
7232,1
7233,13
7234,5
7235,2
7236,10
7237,9
7238,2
7239,5
7240,1
7241,12
7242,0
7243,11
7244,7
7245,6
7246,4
7247,9
7248,5
7249,14
7250,6
7251,6
7252,5
7253,0
7254,2
7255,10
7256,2
7257,7
7258,4
7259,0
7260,5
7261,8
7262,0
7263,2
7264,11
7265,9
7266,9
7267,6
7268,8
7269,1
7270,14
7271,2
7272,5
7273,4
7274,4
7275,7
7276,14
7277,1
7278,6
7279,1
7280,14
7281,2
7282,5
7283,8
7284,1
7285,8
7286,1
7287,4
7288,0
7289,0
7290,4
7291,1
7292,1
7293,8
7294,11
7295,14
7296,0
7297,2
7298,14
7299,0
7300,4
7301,13
7302,3
7303,2
7304,1
7305,4
7306,11
7307,1
7308,2
7309,13
7310,2
7311,8
7312,3
7313,0
7314,7
7315,6
7316,7
7317,8
7318,9
7319,4
7320,5
7321,2
7322,0
7323,0
7324,13
7325,10
7326,1
7327,10
7328,5
7329,9
7330,11
7331,10
7332,2
7333,1
7334,0
7335,13
7336,4
7337,10
7338,14
7339,9
7340,6
7341,14
7342,5
7343,5
7344,7
7345,2
7346,1
7347,3
7348,2
7349,14
7350,8
7351,6
7352,4
7353,5
7354,4
7355,4
7356,0
7357,5
7358,4
7359,2
7360,0
7361,14
7362,1
7363,5
7364,4
7365,6
7366,9
7367,14
7368,1
7369,12
7370,3
7371,4
7372,8
7373,3
7374,2
7375,7
7376,9
7377,1
7378,8
7379,4
7380,13
7381,5
7382,6
7383,0
7384,7
7385,2
7386,5
7387,14
7388,4
7389,4
7390,4
7391,8
7392,6
7393,8
7394,2
7395,4
7396,8
7397,4
7398,0
7399,2
7400,1
7401,5
7402,2
7403,10
7404,5
7405,1
7406,12
7407,13
7408,8
7409,0
7410,4
7411,5
7412,14
7413,0
7414,5
7415,0
7416,10
7417,6
7418,4
7419,5
7420,8
7421,1
7422,8
7423,14
7424,6
7425,2
7426,6
7427,14
7428,13
7429,0
7430,6
7431,8
7432,5
7433,5
7434,0
7435,5
7436,5
7437,4
7438,10
7439,5
7440,4
7441,4
7442,5
7443,0
7444,8
7445,5
7446,5
7447,5
7448,4
7449,7
7450,11
7451,14
7452,10
7453,7
7454,0
7455,1
7456,1
7457,0
7458,8
7459,1
7460,10
7461,0
7462,1
7463,8
7464,2
7465,5
7466,4
7467,5
7468,7
7469,10
7470,14
7471,1
7472,5
7473,13
7474,1
7475,4
7476,0
7477,4
7478,8
7479,3
7480,7
7481,5
7482,7
7483,14
7484,5
7485,7
7486,5
7487,11
7488,14
7489,14
7490,4
7491,6
7492,1
7493,4
7494,5
7495,4
7496,14
7497,5
7498,7
7499,5
7500,9
7501,8
7502,7
7503,14
7504,10
7505,14
7506,4
7507,4
7508,6
7509,13
7510,3
7511,2
7512,0
7513,7
7514,0
7515,4
7516,14
7517,11
7518,8
7519,4
7520,10
7521,4
7522,1
7523,5
7524,2
7525,1
7526,14
7527,4
7528,2
7529,8
7530,10
7531,7
7532,1
7533,7
7534,4
7535,5
7536,5
7537,4
7538,2
7539,4
7540,14
7541,5
7542,4
7543,8
7544,0
7545,13
7546,6
7547,2
7548,0
7549,4
7550,8
7551,5
7552,7
7553,2
7554,1
7555,4
7556,8
7557,5
7558,2
7559,1
7560,8
7561,1
7562,5
7563,8
7564,0
7565,8
7566,5
7567,4
7568,2
7569,5
7570,8
7571,11
7572,2
7573,5
7574,13
7575,0
7576,8
7577,14
7578,10
7579,2
7580,10
7581,0
7582,7
7583,2
7584,8
7585,1
7586,5
7587,5
7588,14
7589,0
7590,11
7591,8
7592,3
7593,2
7594,2
7595,2
7596,14
7597,2
7598,7
7599,11
7600,14
7601,5
7602,5
7603,3
7604,13
7605,1
7606,4
7607,0
7608,3
7609,0
7610,6
7611,6
7612,8
7613,1
7614,2
7615,13
7616,11
7617,7
7618,14
7619,8
7620,7
7621,9
7622,5
7623,2
7624,3
7625,0
7626,9
7627,0
7628,11
7629,2
7630,3
7631,3
7632,14
7633,9
7634,9
7635,10
7636,2
7637,4
7638,11
7639,3
7640,8
7641,0
7642,14
7643,7
7644,0
7645,9
7646,4
7647,5
7648,14
7649,4
7650,4
7651,14
7652,2
7653,2
7654,0
7655,5
7656,8
7657,13
7658,0
7659,2
7660,7
7661,4
7662,7
7663,10
7664,2
7665,1
7666,6
7667,1
7668,10
7669,13
7670,10
7671,4
7672,14
7673,1
7674,14
7675,13
7676,5
7677,2
7678,2
7679,10
7680,0
7681,8
7682,10
7683,5
7684,14
7685,5
7686,4
7687,7
7688,0
7689,1
7690,8
7691,0
7692,0
7693,0
7694,6
7695,1
7696,0
7697,13
7698,2
7699,1
7700,5
7701,0
7702,14
7703,5
7704,5
7705,4
7706,2
7707,8
7708,7
7709,2
7710,5
7711,5
7712,0
7713,6
7714,4
7715,6
7716,1
7717,2
7718,8
7719,1
7720,3
7721,10
7722,1
7723,6
7724,1
7725,0
7726,2
7727,10
7728,2
7729,13
7730,8
7731,4
7732,1
7733,1
7734,10
7735,2
7736,0
7737,8
7738,8
7739,1
7740,3
7741,9
7742,8
7743,0
7744,14
7745,3
7746,6
7747,6
7748,13
7749,4
7750,9
7751,5
7752,13
7753,1
7754,13
7755,2
7756,2
7757,7
7758,7
7759,0
7760,4
7761,4
7762,14
7763,8
7764,3
7765,7
7766,11
7767,8
7768,4
7769,2
7770,8
7771,13
7772,8
7773,4
7774,3
7775,14
7776,4
7777,5
7778,0
7779,4
7780,0
7781,5
7782,1
7783,2
7784,13
7785,0
7786,2
7787,2
7788,10
7789,10
7790,5
7791,2
7792,5
7793,14
7794,0
7795,8
7796,1
7797,2
7798,4
7799,14
7800,1
7801,2
7802,4
7803,4
7804,4
7805,5
7806,3
7807,4
7808,1
7809,11
7810,1
7811,4
7812,4
7813,0
7814,7
7815,12
7816,0
7817,7
7818,0
7819,10
7820,11
7821,9
7822,4
7823,8
7824,2
7825,9
7826,2
7827,2
7828,14
7829,8
7830,10
7831,0
7832,5
7833,3
7834,0
7835,9
7836,5
7837,7
7838,12
7839,2
7840,0
7841,14
7842,0
7843,4
7844,1
7845,0
7846,8
7847,10
7848,1
7849,3
7850,5
7851,14
7852,2
7853,0
7854,5
7855,3
7856,7
7857,8
7858,11
7859,14
7860,8
7861,9
7862,4
7863,3
7864,7
7865,4
7866,14
7867,3
7868,6
7869,14
7870,1
7871,2
7872,10
7873,1
7874,12
7875,8
7876,14
7877,8
7878,14
7879,2
7880,8
7881,12
7882,14
7883,4
7884,0
7885,14
7886,14
7887,1
7888,14
7889,4
7890,0
7891,6
7892,10
7893,8
7894,13
7895,8
7896,14
7897,5
7898,3
7899,5
7900,1
7901,0
7902,0
7903,6
7904,8
7905,5
7906,5
7907,3
7908,4
7909,6
7910,1
7911,9
7912,14
7913,9
7914,1
7915,2
7916,0
7917,1
7918,4
7919,8
7920,2
7921,2
7922,4
7923,5
7924,4
7925,2
7926,3
7927,11
7928,2
7929,14
7930,0
7931,5
7932,4
7933,2
7934,0
7935,8
7936,3
7937,5
7938,2
7939,14
7940,1
7941,6
7942,0
7943,4
7944,8
7945,6
7946,0
7947,1
7948,3
7949,2
7950,8
7951,14
7952,14
7953,14
7954,0
7955,5
7956,2
7957,4
7958,6
7959,8
7960,3
7961,4
7962,4
7963,1
7964,2
7965,14
7966,3
7967,6
7968,1
7969,2
7970,0
7971,14
7972,4
7973,10
7974,1
7975,4
7976,0
7977,5
7978,6
7979,5
7980,6
7981,1
7982,14
7983,13
7984,4
7985,11
7986,2
7987,1
7988,0
7989,0
7990,2
7991,2
7992,0
7993,4
7994,11
7995,5
7996,6
7997,14
7998,6
7999,12
8000,4
8001,8
8002,4
8003,14
8004,2
8005,12
8006,8
8007,13
8008,2
8009,14
8010,8
8011,8
8012,14
8013,2
8014,2
8015,6
8016,2
8017,11
8018,9
8019,14
8020,9
8021,2
8022,8
8023,2
8024,9
8025,2
8026,0
8027,14
8028,10
8029,1
8030,0
8031,3
8032,2
8033,14
8034,8
8035,1
8036,2
8037,14
8038,0
8039,9
8040,14
8041,2
8042,8
8043,1
8044,1
8045,3
8046,14
8047,1
8048,3
8049,8
8050,9
8051,4
8052,1
8053,3
8054,5
8055,1
8056,1
8057,8
8058,0
8059,6
8060,11
8061,0
8062,10
8063,14
8064,1
8065,1
8066,8
8067,5
8068,10
8069,5
8070,0
8071,14
8072,14
8073,0
8074,8
8075,2
8076,6
8077,4
8078,2
8079,13
8080,5
8081,14
8082,2
8083,5
8084,1
8085,5
8086,3
8087,2
8088,4
8089,8
8090,8
8091,6
8092,7
8093,13
8094,8
8095,4
8096,9
8097,5
8098,13
8099,14
8100,8
8101,2
8102,8
8103,2
8104,0
8105,14
8106,2
8107,4
8108,14
8109,3
8110,10
8111,2
8112,4
8113,7
8114,4
8115,0
8116,8
8117,8
8118,8
8119,0
8120,11
8121,14
8122,13
8123,0
8124,14
8125,3
8126,0
8127,14
8128,8
8129,4
8130,14
8131,3
8132,14
8133,1
8134,14
8135,2
8136,1
8137,1
8138,4
8139,9
8140,5
8141,0
8142,5
8143,6
8144,0
8145,3
8146,10
8147,6
8148,8
8149,8
8150,1
8151,13
8152,1
8153,11
8154,14
8155,4
8156,9
8157,0
8158,4
8159,9
8160,6
8161,5
8162,6
8163,5
8164,11
8165,4
8166,4
8167,5
8168,10
8169,13
8170,10
8171,8
8172,9
8173,8
8174,7
8175,1
8176,13
8177,8
8178,1
8179,3
8180,5
8181,3
8182,1
8183,4
8184,2
8185,10
8186,8
8187,11
8188,0
8189,10
8190,4
8191,9
8192,2
8193,14
8194,4
8195,9
8196,2
8197,5
8198,1
8199,1
8200,5
8201,3
8202,10
8203,0
8204,3
8205,1
8206,13
8207,13
8208,2
8209,2
8210,4
8211,8
8212,5
8213,2
8214,2
8215,1
8216,1
8217,4
8218,3
8219,2
8220,13
8221,14
8222,0
8223,8
8224,1
8225,8
8226,6
8227,14
8228,2
8229,5
8230,6
8231,2
8232,5
8233,2
8234,2
8235,5
8236,10
8237,4
8238,1
8239,7
8240,5
8241,14
8242,3
8243,6
8244,13
8245,11
8246,2
8247,13
8248,5
8249,5
8250,8
8251,1
8252,4
8253,14
8254,5
8255,5
8256,13
8257,4
8258,10
8259,2
8260,14
8261,6
8262,14
8263,4
8264,5
8265,5
8266,4
8267,11
8268,5
8269,2
8270,8
8271,7
8272,4
8273,5
8274,3
8275,0
8276,8
8277,1
8278,1
8279,1
8280,4
8281,4
8282,14
8283,13
8284,11
8285,8
8286,5
8287,2
8288,1
8289,11
8290,11
8291,2
8292,14
8293,1
8294,12
8295,8
8296,2
8297,14
8298,10
8299,5
8300,4
8301,6
8302,3
8303,3
8304,13
8305,2
8306,3
8307,0
8308,14
8309,0
8310,2
8311,1
8312,4
8313,1
8314,1
8315,5
8316,2
8317,6
8318,6
8319,4
8320,5
8321,2
8322,3
8323,0
8324,13
8325,0
8326,14
8327,9
8328,8
8329,3
8330,8
8331,7
8332,3
8333,1
8334,7
8335,4
8336,8
8337,4
8338,14
8339,9
8340,4
8341,13
8342,0
8343,9
8344,6
8345,4
8346,5
8347,4
8348,3
8349,3
8350,1
8351,4
8352,14
8353,4
8354,8
8355,2
8356,14
8357,9
8358,0
8359,0
8360,13
8361,10
8362,2
8363,4
8364,0
8365,10
8366,5
8367,5
8368,8
8369,2
8370,7
8371,2
8372,5
8373,5
8374,5
8375,14
8376,2
8377,14
8378,1
8379,0
8380,4
8381,8
8382,14
8383,14
8384,10
8385,0
8386,0
8387,5
8388,0
8389,9
8390,2
8391,1
8392,6
8393,1
8394,5
8395,6
8396,6
8397,5
8398,4
8399,2
8400,14
8401,5
8402,14
8403,8
8404,4
8405,10
8406,8
8407,2
8408,1
8409,14
8410,6
8411,1
8412,8
8413,6
8414,8
8415,0
8416,2
8417,4
8418,14
8419,2
8420,11
8421,1
8422,1
8423,11
8424,5
8425,14
8426,5
8427,5
8428,11
8429,6
8430,0
8431,4
8432,10
8433,14
8434,10
8435,2
8436,4
8437,2
8438,6
8439,14
8440,9
8441,0
8442,2
8443,0
8444,5
8445,2
8446,2
8447,14
8448,4
8449,5
8450,0
8451,7
8452,4
8453,3
8454,2
8455,13
8456,2
8457,11
8458,1
8459,2
8460,2
8461,14
8462,7
8463,2
8464,8
8465,5
8466,13
8467,14
8468,4
8469,4
8470,5
8471,5
8472,0
8473,7
8474,1
8475,4
8476,11
8477,0
8478,5
8479,0
8480,0
8481,0
8482,6
8483,13
8484,7
8485,4
8486,2
8487,13
8488,1
8489,5
8490,14
8491,4
8492,5
8493,3
8494,2
8495,7
8496,5
8497,11
8498,3
8499,0
8500,2
8501,1
8502,7
8503,1
8504,12
8505,3
8506,7
8507,4
8508,4
8509,0
8510,5
8511,6
8512,6
8513,2
8514,2
8515,4
8516,14
8517,3
8518,9
8519,10
8520,11
8521,1
8522,14
8523,13
8524,13
8525,8
8526,6
8527,6
8528,6
8529,8
8530,2
8531,1
8532,5
8533,2
8534,4
8535,4
8536,4
8537,13
8538,7
8539,2
8540,6
8541,0
8542,5
8543,8
8544,0
8545,4
8546,14
8547,14
8548,8
8549,2
8550,0
8551,7
8552,4
8553,11
8554,0
8555,13
8556,0
8557,1
8558,0
8559,3
8560,0
8561,0
8562,14
8563,8
8564,14
8565,0
8566,0
8567,5
8568,1
8569,10
8570,2
8571,13
8572,7
8573,0
8574,2
8575,5
8576,2
8577,0
8578,5
8579,13
8580,3
8581,5
8582,2
8583,11
8584,1
8585,0
8586,0
8587,4
8588,0
8589,8
8590,5
8591,10
8592,3
8593,1
8594,9
8595,13
8596,2
8597,1
8598,0
8599,5
8600,4
8601,5
8602,9
8603,4
8604,2
8605,8
8606,8
8607,14
8608,8
8609,4
8610,5
8611,12
8612,1
8613,14
8614,0
8615,1
8616,2
8617,8
8618,3
8619,14
8620,13
8621,13
8622,14
8623,2
8624,14
8625,0
8626,4
8627,1
8628,5
8629,1
8630,7
8631,0
8632,5
8633,14
8634,6
8635,0
8636,3
8637,1
8638,4
8639,5
8640,1
8641,4
8642,9
8643,0
8644,0
8645,13
8646,5
8647,8
8648,7
8649,1
8650,1
8651,8
8652,11
8653,4
8654,8
8655,2
8656,5
8657,6
8658,8
8659,5
8660,14
8661,4
8662,14
8663,13
8664,2
8665,0
8666,14
8667,7
8668,5
8669,2
8670,0
8671,6
8672,0
8673,2
8674,5
8675,13
8676,1
8677,9
8678,8
8679,14
8680,4
8681,0
8682,4
8683,4
8684,2
8685,10
8686,13
8687,0
8688,2
8689,4
8690,0
8691,14
8692,1
8693,3
8694,4
8695,5
8696,14
8697,8
8698,1
8699,0
8700,3
8701,5
8702,4
8703,14
8704,4
8705,9
8706,5
8707,10
8708,1
8709,4
8710,11
8711,0
8712,2
8713,5
8714,2
8715,6
8716,6
8717,4
8718,2
8719,2
8720,0
8721,0
8722,1
8723,7
8724,10
8725,2
8726,7
8727,12
8728,0
8729,2
8730,4
8731,4
8732,4
8733,5
8734,11
8735,3
8736,11
8737,5
8738,0
8739,14
8740,4
8741,0
8742,5
8743,8
8744,0
8745,14
8746,12
8747,3
8748,8
8749,0
8750,8
8751,8
8752,7
8753,14
8754,4
8755,14
8756,4
8757,8
8758,8
8759,14
8760,10
8761,8
8762,0
8763,2
8764,0
8765,7
8766,4
8767,8
8768,8
8769,0
8770,8
8771,14
8772,8
8773,6
8774,7
8775,5
8776,1
8777,14
8778,4
8779,4
8780,0
8781,1
8782,0
8783,14
8784,12
8785,8
8786,5
8787,11
8788,2
8789,10
8790,13
8791,2
8792,5
8793,5
8794,5
8795,10
8796,5
8797,8
8798,4
8799,0
8800,4
8801,4
8802,8
8803,8
8804,8
8805,6
8806,2
8807,2
8808,5
8809,14
8810,1
8811,5
8812,4
8813,13
8814,0
8815,1
8816,13
8817,5
8818,6
8819,10
8820,5
8821,0
8822,4
8823,6
8824,4
8825,4
8826,13
8827,2
8828,0
8829,5
8830,4
8831,14
8832,14
8833,7
8834,0
8835,4
8836,4
8837,4
8838,4
8839,5
8840,8
8841,10
8842,3
8843,5
8844,12
8845,0
8846,2
8847,8
8848,8
8849,3
8850,5
8851,6
8852,13
8853,2
8854,0
8855,14
8856,4
8857,1
8858,2
8859,1
8860,4
8861,4
8862,5
8863,0
8864,2
8865,14
8866,3
8867,1
8868,14
8869,0
8870,2
8871,3
8872,6
8873,5
8874,4
8875,2
8876,5
8877,0
8878,5
8879,11
8880,2
8881,14
8882,8
8883,14
8884,13
8885,4
8886,8
8887,5
8888,2
8889,2
8890,4
8891,5
8892,8
8893,7
8894,6
8895,7
8896,4
8897,4
8898,5
8899,5
8900,1
8901,1
8902,11
8903,11
8904,2
8905,5
8906,10
8907,8
8908,4
8909,9
8910,10
8911,1
8912,5
8913,11
8914,14
8915,11
8916,4
8917,1
8918,14
8919,1
8920,0
8921,1
8922,5
8923,4
8924,4
8925,5
8926,4
8927,7
8928,0
8929,13
8930,6
8931,4
8932,1
8933,0
8934,8
8935,1
8936,5
8937,7
8938,7
8939,14
8940,5
8941,0
8942,0
8943,5
8944,2
8945,4
8946,10
8947,10
8948,2
8949,2
8950,0
8951,6
8952,5
8953,4
8954,0
8955,14
8956,1
8957,13
8958,14
8959,10
8960,8
8961,2
8962,1
8963,14
8964,6
8965,6
8966,1
8967,0
8968,14
8969,14
8970,5
8971,0
8972,0
8973,8
8974,4
8975,6
8976,4
8977,0
8978,8
8979,1
8980,5
8981,10
8982,2
8983,4
8984,2
8985,1
8986,9
8987,4
8988,1
8989,8
8990,14
8991,14
8992,0
8993,7
8994,2
8995,5
8996,0
8997,0
8998,3
8999,2
9000,4
9001,1
9002,10
9003,0
9004,11
9005,5
9006,11
9007,5
9008,5
9009,3
9010,8
9011,14
9012,4
9013,4
9014,9
9015,1
9016,14
9017,0
9018,11
9019,4
9020,2
9021,3
9022,6
9023,4
9024,2
9025,4
9026,9
9027,10
9028,5
9029,2
9030,5
9031,8
9032,7
9033,3
9034,12
9035,4
9036,8
9037,3
9038,8
9039,8
9040,14
9041,7
9042,14
9043,0
9044,0
9045,1
9046,9
9047,5
9048,7
9049,4
9050,5
9051,14
9052,8
9053,1
9054,5
9055,13
9056,14
9057,12
9058,2
9059,8
9060,5
9061,3
9062,14
9063,4
9064,5
9065,0
9066,7
9067,1
9068,5
9069,4
9070,6
9071,11
9072,13
9073,5
9074,9
9075,14
9076,13
9077,0
9078,4
9079,2
9080,0
9081,4
9082,5
9083,1
9084,0
9085,5
9086,5
9087,5
9088,1
9089,5
9090,10
9091,1
9092,0
9093,0
9094,2
9095,14
9096,0
9097,3
9098,8
9099,8
9100,1
9101,6
9102,10
9103,1
9104,3
9105,14
9106,5
9107,5
9108,5
9109,4
9110,1
9111,5
9112,7
9113,14
9114,8
9115,10
9116,4
9117,4
9118,5
9119,4
9120,8
9121,2
9122,1
9123,2
9124,1
9125,4
9126,1
9127,14
9128,5
9129,7
9130,6
9131,10
9132,2
9133,8
9134,0
9135,5
9136,4
9137,8
9138,1
9139,4
9140,10
9141,2
9142,14
9143,7
9144,6
9145,8
9146,10
9147,13
9148,1
9149,1
9150,9
9151,8
9152,6
9153,14
9154,1
9155,8
9156,3
9157,14
9158,6
9159,8
9160,10
9161,14
9162,5
9163,4
9164,8
9165,5
9166,0
9167,2
9168,13
9169,4
9170,1
9171,2
9172,10
9173,3
9174,14
9175,7
9176,2
9177,0
9178,2
9179,8
9180,5
9181,10
9182,5
9183,5
9184,2
9185,5
9186,5
9187,4
9188,14
9189,3
9190,4
9191,5
9192,2
9193,0
9194,4
9195,9
9196,9
9197,0
9198,0
9199,5
9200,1
9201,2
9202,6
9203,1
9204,14
9205,4
9206,6
9207,13
9208,1
9209,6
9210,13
9211,4
9212,5
9213,7
9214,4
9215,5
9216,2
9217,6
9218,14
9219,4
9220,4
9221,14
9222,4
9223,6
9224,14
9225,2
9226,9
9227,4
9228,5
9229,2
9230,8
9231,5
9232,0
9233,2
9234,5
9235,1
9236,1
9237,2
9238,3
9239,0
9240,8
9241,0
9242,5
9243,1
9244,5
9245,5
9246,8
9247,14
9248,2
9249,0
9250,7
9251,8
9252,0
9253,5
9254,7
9255,14
9256,5
9257,2
9258,7
9259,13
9260,2
9261,6
9262,2
9263,1
9264,13
9265,8
9266,8
9267,14
9268,7
9269,7
9270,8
9271,2
9272,1
9273,14
9274,0
9275,10
9276,1
9277,3
9278,1
9279,14
9280,2
9281,0
9282,0
9283,2
9284,4
9285,2
9286,2
9287,12
9288,11
9289,13
9290,10
9291,14
9292,7
9293,5
9294,0
9295,1
9296,14
9297,8
9298,9
9299,2
9300,5
9301,0
9302,8
9303,5
9304,1
9305,7
9306,10
9307,13
9308,10
9309,5
9310,3
9311,10
9312,11
9313,5
9314,0
9315,14
9316,2
9317,4
9318,10
9319,14
9320,0
9321,8
9322,11
9323,5
9324,6
9325,1
9326,4
9327,0
9328,1
9329,8
9330,0
9331,2
9332,0
9333,14
9334,11
9335,4
9336,5
9337,8
9338,14
9339,1
9340,2
9341,14
9342,5
9343,7
9344,11
9345,8
9346,6
9347,8
9348,2
9349,5
9350,8
9351,9
9352,11
9353,6
9354,0
9355,0
9356,10
9357,14
9358,3
9359,2
9360,8
9361,4
9362,0
9363,4
9364,7
9365,1
9366,0
9367,5
9368,8
9369,0
9370,2
9371,5
9372,6
9373,6
9374,10
9375,5
9376,0
9377,10
9378,3
9379,14
9380,0
9381,7
9382,0
9383,0
9384,4
9385,2
9386,10
9387,1
9388,8
9389,4
9390,14
9391,13
9392,4
9393,1
9394,8
9395,7
9396,0
9397,4
9398,2
9399,0
9400,2
9401,2
9402,2
9403,1
9404,5
9405,5
9406,13
9407,4
9408,14
9409,5
9410,9
9411,0
9412,1
9413,5
9414,2
9415,4
9416,0
9417,13
9418,7
9419,7
9420,14
9421,1
9422,10
9423,5
9424,5
9425,1
9426,14
9427,5
9428,1
9429,2
9430,5
9431,4
9432,7
9433,4
9434,14
9435,0
9436,0
9437,5
9438,10
9439,7
9440,2
9441,2
9442,3
9443,0
9444,12
9445,14
9446,14
9447,4
9448,14
9449,1
9450,8
9451,2
9452,2
9453,4
9454,6
9455,3
9456,3
9457,1
9458,5
9459,2
9460,2
9461,4
9462,2
9463,5
9464,0
9465,7
9466,2
9467,14
9468,5
9469,4
9470,5
9471,5
9472,1
9473,4
9474,0
9475,3
9476,9
9477,0
9478,6
9479,13
9480,14
9481,9
9482,4
9483,7
9484,1
9485,5
9486,8
9487,0
9488,5
9489,14
9490,11
9491,1
9492,4
9493,4
9494,14
9495,8
9496,2
9497,1
9498,14
9499,2
9500,7
9501,0
9502,1
9503,4
9504,1
9505,4
9506,0
9507,13
9508,2
9509,5
9510,8
9511,3
9512,10
9513,6
9514,14
9515,4
9516,4
9517,0
9518,4
9519,2
9520,13
9521,2
9522,3
9523,8
9524,7
9525,0
9526,14
9527,8
9528,14
9529,4
9530,1
9531,14
9532,2
9533,5
9534,0
9535,0
9536,4
9537,1
9538,10
9539,0
9540,13
9541,0
9542,5
9543,1
9544,2
9545,5
9546,5
9547,0
9548,8
9549,14
9550,14
9551,0
9552,14
9553,4
9554,14
9555,10
9556,2
9557,0
9558,4
9559,3
9560,4
9561,2
9562,14
9563,1
9564,6
9565,4
9566,13
9567,8
9568,8
9569,0
9570,2
9571,7
9572,4
9573,0
9574,0
9575,12
9576,1
9577,5
9578,4
9579,14
9580,7
9581,2
9582,0
9583,8
9584,3
9585,8
9586,14
9587,8
9588,4
9589,14
9590,5
9591,8
9592,9
9593,2
9594,0
9595,5
9596,2
9597,14
9598,14
9599,10
9600,8
9601,2
9602,1
9603,8
9604,3
9605,5
9606,8
9607,14
9608,1
9609,5
9610,0
9611,2
9612,6
9613,5
9614,8
9615,13
9616,4
9617,14
9618,4
9619,0
9620,13
9621,4
9622,0
9623,7
9624,6
9625,14
9626,2
9627,7
9628,8
9629,8
9630,10
9631,3
9632,5
9633,1
9634,8
9635,1
9636,8
9637,4
9638,0
9639,0
9640,1
9641,7
9642,0
9643,10
9644,5
9645,4
9646,2
9647,7
9648,13
9649,5
9650,10
9651,4
9652,1
9653,8
9654,8
9655,4
9656,4
9657,11
9658,8
9659,2
9660,14
9661,8
9662,10
9663,2
9664,8
9665,6
9666,11
9667,4
9668,2
9669,5
9670,5
9671,5
9672,0
9673,13
9674,0
9675,7
9676,14
9677,6
9678,14
9679,10
9680,0
9681,5
9682,6
9683,2
9684,4
9685,14
9686,14
9687,1
9688,9
9689,8
9690,4
9691,11
9692,5
9693,4
9694,8
9695,9
9696,11
9697,1
9698,8
9699,11
9700,0
9701,0
9702,0
9703,1
9704,2
9705,2
9706,4
9707,4
9708,7
9709,5
9710,5
9711,0
9712,2
9713,2
9714,0
9715,8
9716,5
9717,3
9718,1
9719,5
9720,5
9721,5
9722,3
9723,2
9724,1
9725,2
9726,11
9727,2
9728,13
9729,4
9730,4
9731,5
9732,4
9733,6
9734,0
9735,13
9736,2
9737,5
9738,3
9739,4
9740,9
9741,11
9742,6
9743,4
9744,14
9745,0
9746,14
9747,2
9748,9
9749,14
9750,1
9751,2
9752,5
9753,0
9754,1
9755,4
9756,13
9757,5
9758,0
9759,2
9760,5
9761,2
9762,4
9763,2
9764,1
9765,13
9766,4
9767,5
9768,2
9769,7
9770,1
9771,14
9772,8
9773,3
9774,2
9775,0
9776,6
9777,1
9778,11
9779,5
9780,1
9781,5
9782,8
9783,10
9784,8
9785,7
9786,5
9787,1
9788,14
9789,4
9790,14
9791,14
9792,6
9793,14
9794,7
9795,6
9796,2
9797,14
9798,7
9799,2
9800,0
9801,0
9802,5
9803,2
9804,14
9805,8
9806,4
9807,1
9808,8
9809,0
9810,3
9811,1
9812,5
9813,8
9814,0
9815,14
9816,3
9817,10
9818,0
9819,2
9820,6
9821,14
9822,9
9823,0
9824,5
9825,3
9826,2
9827,2
9828,4
9829,8
9830,4
9831,3
9832,5
9833,10
9834,8
9835,4
9836,7
9837,6
9838,9
9839,10
9840,13
9841,0
9842,5
9843,2
9844,3
9845,14
9846,11
9847,5
9848,5
9849,11
9850,6
9851,5
9852,11
9853,13
9854,0
9855,8
9856,14
9857,3
9858,7
9859,2
9860,14
9861,6
9862,14
9863,8
9864,0
9865,14
9866,0
9867,7
9868,4
9869,14
9870,13
9871,14
9872,2
9873,5
9874,1
9875,0
9876,3
9877,14
9878,5
9879,4
9880,14
9881,0
9882,8
9883,1
9884,0
9885,11
9886,8
9887,4
9888,4
9889,5
9890,2
9891,5
9892,0
9893,5
9894,8
9895,0
9896,12
9897,7
9898,2
9899,2
9900,13
9901,14
9902,3
9903,14
9904,4
9905,2
9906,3
9907,4
9908,10
9909,8
9910,8
9911,12
9912,5
9913,1
9914,4
9915,0
9916,1
9917,1
9918,0
9919,5
9920,2
9921,4
9922,3
9923,0
9924,1
9925,4
9926,2
9927,10
9928,8
9929,2
9930,0
9931,0
9932,5
9933,1
9934,4
9935,5
9936,9
9937,5
9938,4
9939,14
9940,6
9941,13
9942,3
9943,4
9944,0
9945,6
9946,13
9947,3
9948,0
9949,4
9950,2
9951,8
9952,11
9953,4
9954,2
9955,9
9956,7
9957,14
9958,0
9959,1
9960,4
9961,8
9962,4
9963,5
9964,6
9965,1
9966,1
9967,8
9968,3
9969,6
9970,14
9971,5
9972,14
9973,1
9974,1
9975,10
9976,6
9977,7
9978,14
9979,7
9980,14
9981,4
9982,13
9983,4
9984,11
9985,2
9986,14
9987,4
9988,4
9989,4
9990,8
9991,0
9992,4
9993,0
9994,1
9995,14
9996,11
9997,2
9998,6
9999,2
10000,1
10001,10
10002,2
10003,14
10004,4
10005,1
10006,14
10007,3
10008,10
10009,1
10010,14
10011,8
10012,5
10013,8
10014,8
10015,2
10016,0
10017,4
10018,4
10019,8
10020,0
10021,7
10022,13
10023,4
10024,14
10025,1
10026,4
10027,14
10028,4
10029,7
10030,5
10031,5
10032,4
10033,5
10034,5
10035,0
10036,13
10037,0
10038,8
10039,1
10040,2
10041,5
10042,3
10043,5
10044,13
10045,4
10046,1
10047,11
10048,3
10049,13
10050,2
10051,12
10052,13
10053,13
10054,10
10055,2
10056,2
10057,4
10058,8
10059,14
10060,11
10061,14
10062,3
10063,7
10064,0
10065,2
10066,8
10067,0
10068,0
10069,11
10070,1
10071,1
10072,0
10073,10
10074,6
10075,2
10076,6
10077,4
10078,4
10079,0
10080,4
10081,11
10082,0
10083,10
10084,5
10085,6
10086,4
10087,14
10088,14
10089,7
10090,5
10091,1
10092,6
10093,1
10094,7
10095,4
10096,2
10097,8
10098,3
10099,2
10100,0
10101,2
10102,5
10103,1
10104,14
10105,3
10106,14
10107,5
10108,5
10109,5
10110,9
10111,2
10112,1
10113,3
10114,2
10115,2
10116,9
10117,5
10118,1
10119,5
10120,2
10121,0
10122,14
10123,3
10124,7
10125,4
10126,13
10127,3
10128,8
10129,5
10130,3
10131,1
10132,5
10133,10
10134,14
10135,9
10136,4
10137,1
10138,5
10139,9
10140,3
10141,8
10142,8
10143,14
10144,14
10145,9
10146,0
10147,2
10148,0
10149,10
10150,7
10151,3
10152,5
10153,0
10154,12
10155,1
10156,0
10157,5
10158,2
10159,14
10160,4
10161,9
10162,5
10163,0
10164,6
10165,7
10166,6
10167,11
10168,4
10169,9
10170,11
10171,9
10172,10
10173,1
10174,5
10175,5
10176,13
10177,10
10178,14
10179,8
10180,2
10181,9
10182,2
10183,14
10184,2
10185,5
10186,8
10187,14
10188,0
10189,8
10190,14
10191,2
10192,4
10193,2
10194,3
10195,4
10196,9
10197,13
10198,7
10199,5
10200,8
10201,12
10202,4
10203,3
10204,1
10205,8
10206,2
10207,0
10208,2
10209,3
10210,14
10211,0
10212,12
10213,14
10214,10
10215,14
10216,13
10217,10
10218,1
10219,8
10220,13
10221,14
10222,11
10223,14
10224,3
10225,4
10226,0
10227,5
10228,4
10229,7
10230,13
10231,9
10232,5
10233,14
10234,0
10235,8
10236,5
10237,8
10238,5
10239,8
10240,0
10241,11
10242,2
10243,4
10244,6
10245,0
10246,6
10247,9
10248,10
10249,8
10250,11
10251,14
10252,0
10253,4
10254,13
10255,2
10256,8
10257,5
10258,6
10259,2
10260,4
10261,5
10262,4
10263,8
10264,5
10265,5
10266,8
10267,13
10268,2
10269,10
10270,3
10271,8
10272,5
10273,1
10274,10
10275,2
10276,0
10277,5
10278,13
10279,10
10280,7
10281,6
10282,5
10283,2
10284,4
10285,9
10286,5
10287,6
10288,14
10289,1
10290,4
10291,2
10292,2
10293,4
10294,12
10295,10
10296,13
10297,4
10298,2
10299,13
10300,4
10301,5
10302,0
10303,8
10304,11
10305,8
10306,11
10307,11
10308,6
10309,0
10310,0
10311,3
10312,0
10313,0
10314,8
10315,1
10316,2
10317,2
10318,11
10319,2
10320,2
10321,4
10322,5
10323,4
10324,4
10325,2
10326,5
10327,5
10328,5
10329,0
10330,0
10331,5
10332,9
10333,8
10334,14
10335,1
10336,8
10337,14
10338,2
10339,5
10340,5
10341,5
10342,2
10343,8
10344,13
10345,14
10346,14
10347,0
10348,14
10349,13
10350,0
10351,14
10352,14
10353,5
10354,6
10355,6
10356,0
10357,5
10358,10
10359,14
10360,7
10361,0
10362,3
10363,1
10364,1
10365,10
10366,5
10367,14
10368,5
10369,2
10370,1
10371,13
10372,4
10373,1
10374,14
10375,0
10376,0
10377,0
10378,5
10379,0
10380,3
10381,14
10382,4
10383,6
10384,14
10385,5
10386,4
10387,2
10388,0
10389,4
10390,4
10391,5
10392,12
10393,4
10394,13
10395,2
10396,5
10397,4
10398,1
10399,8
10400,2
10401,1
10402,12
10403,9
10404,8
10405,13
10406,11
10407,0
10408,6
10409,5
10410,1
10411,8
10412,2
10413,8
10414,7
10415,13
10416,1
10417,8
10418,4
10419,1
10420,14
10421,8
10422,5
10423,2
10424,1
10425,3
10426,0
10427,9
10428,0
10429,5
10430,0
10431,0
10432,14
10433,5
10434,4
10435,1
10436,14
10437,0
10438,2
10439,7
10440,0
10441,11
10442,0
10443,3
10444,14
10445,3
10446,7
10447,0
10448,14
10449,2
10450,1
10451,10
10452,7
10453,8
10454,0
10455,9
10456,4
10457,3
10458,14
10459,4
10460,5
10461,2
10462,2
10463,6
10464,5
10465,14
10466,14
10467,4
10468,2
10469,2
10470,7
10471,8
10472,0
10473,14
10474,5
10475,3
10476,1
10477,14
10478,6
10479,0
10480,14
10481,1
10482,4
10483,12
10484,9
10485,14
10486,11
10487,1
10488,13
10489,8
10490,0
10491,4
10492,14
10493,2
10494,7
10495,2
10496,10
10497,0
10498,0
10499,5
10500,8
10501,9
10502,2
10503,13
10504,1
10505,5
10506,1
10507,10
10508,7
10509,6
10510,2
10511,9
10512,2
10513,2
10514,12
10515,14
10516,4
10517,4
10518,5
10519,0
10520,0
10521,8
10522,0
10523,5
10524,8
10525,5
10526,1
10527,0
10528,5
10529,1
10530,1
10531,4
10532,9
10533,13
10534,4
10535,0
10536,6
10537,10
10538,10
10539,0
10540,14
10541,14
10542,9
10543,4
10544,13
10545,8
10546,6
10547,8
10548,14
10549,1
10550,5
10551,13
10552,13
10553,2
10554,2
10555,2
10556,10
10557,7
10558,2
10559,10
10560,3
10561,12
10562,5
10563,1
10564,3
10565,0
10566,5
10567,7
10568,0
10569,0
10570,4
10571,7
10572,5
10573,5
10574,8
10575,14
10576,8
10577,3
10578,14
10579,4
10580,4
10581,4
10582,5
10583,13
10584,8
10585,14
10586,1
10587,8
10588,4
10589,4
10590,8
10591,9
10592,0
10593,2
10594,0
10595,12
10596,5
10597,4
10598,4
10599,14
10600,6
10601,4
10602,4
10603,10
10604,1
10605,1
10606,4
10607,14
10608,0
10609,14
10610,11
10611,10
10612,1
10613,6
10614,13
10615,10
10616,3
10617,4
10618,4
10619,4
10620,11
10621,5
10622,2
10623,5
10624,11
10625,1
10626,3
10627,14
10628,1
10629,6
10630,8
10631,13
10632,1
10633,9
10634,2
10635,3
10636,7
10637,5
10638,4
10639,14
10640,13
10641,4
10642,14
10643,7
10644,2
10645,14
10646,2
10647,13
10648,13
10649,4
10650,1
10651,0
10652,1
10653,14
10654,5
10655,2
10656,11
10657,8
10658,13
10659,0
10660,2
10661,0
10662,9
10663,12
10664,5
10665,0
10666,4
10667,13
10668,6
10669,4
10670,8
10671,3
10672,4
10673,7
10674,0
10675,8
10676,2
10677,2
10678,0
10679,14
10680,2
10681,4
10682,2
10683,0
10684,5
10685,10
10686,0
10687,1
10688,2
10689,0
10690,0
10691,14
10692,3
10693,6
10694,4
10695,6
10696,2
10697,13
10698,14
10699,1
10700,1
10701,3
10702,6
10703,2
10704,4
10705,1
10706,12
10707,13
10708,13
10709,2
10710,1
10711,4
10712,0
10713,2
10714,1
10715,2
10716,0
10717,5
10718,0
10719,14
10720,0
10721,10
10722,13
10723,4
10724,7
10725,13
10726,4
10727,5
10728,0
10729,7
10730,14
10731,1
10732,0
10733,5
10734,0
10735,0
10736,10
10737,9
10738,2
10739,11
10740,9
10741,14
10742,5
10743,0
10744,2
10745,0
10746,1
10747,8
10748,5
10749,1
10750,8
10751,9
10752,0
10753,5
10754,5
10755,3
10756,4
10757,8
10758,2
10759,1
10760,0
10761,0
10762,3
10763,2
10764,5
10765,0
10766,14
10767,2
10768,1
10769,4
10770,3
10771,7
10772,8
10773,2
10774,13
10775,0
10776,1
10777,1
10778,8
10779,2
10780,1
10781,1
10782,7
10783,10
10784,5
10785,1
10786,14
10787,14
10788,8
10789,9
10790,7
10791,5
10792,4
10793,4
10794,4
10795,2
10796,2
10797,14
10798,3
10799,8
10800,4
10801,3
10802,10
10803,2
10804,2
10805,5
10806,6
10807,4
10808,0
10809,7
10810,7
10811,14
10812,10
10813,1
10814,0
10815,2
10816,1
10817,4
10818,5
10819,13
10820,1
10821,10
10822,13
10823,4
10824,14
10825,0
10826,2
10827,1
10828,5
10829,5
10830,5
10831,1
10832,1
10833,1
10834,10
10835,3
10836,0
10837,9
10838,7
10839,5
10840,5
10841,3
10842,14
10843,2
10844,7
10845,14
10846,5
10847,13
10848,2
10849,6
10850,4
10851,14
10852,14
10853,10
10854,8
10855,5
10856,2
10857,4
10858,4
10859,8
10860,11
10861,0
10862,4
10863,0
10864,5
10865,5
10866,8
10867,2
10868,14
10869,2
10870,10
10871,2
10872,0
10873,4
10874,3
10875,2
10876,4
10877,0
10878,8
10879,0
10880,1
10881,8
10882,4
10883,2
10884,13
10885,0
10886,8
10887,2
10888,14
10889,8
10890,0
10891,2
10892,3
10893,0
10894,8
10895,5
10896,8
10897,11
10898,1
10899,14
10900,0
10901,0
10902,5
10903,13
10904,14
10905,14
10906,7
10907,13
10908,8
10909,0
10910,14
10911,3
10912,10
10913,5
10914,4
10915,6
10916,12
10917,14
10918,2
10919,8
10920,13
10921,5
10922,8
10923,0
10924,9
10925,2
10926,2
10927,4
10928,14
10929,2
10930,5
10931,7
10932,11
10933,8
10934,7
10935,10
10936,1
10937,0
10938,2
10939,8
10940,1
10941,2
10942,0
10943,6
10944,5
10945,5
10946,14
10947,5
10948,0
10949,4
10950,5
10951,5
10952,5
10953,5
10954,0
10955,11
10956,5
10957,4
10958,5
10959,4
10960,2
10961,3
10962,6
10963,0
10964,4
10965,8
10966,10
10967,10
10968,1
10969,5
10970,2
10971,14
10972,8
10973,2
10974,10
10975,14
10976,1
10977,13
10978,13
10979,5
10980,0
10981,0
10982,5
10983,0
10984,13
10985,2
10986,6
10987,0
10988,12
10989,4
10990,2
10991,5
10992,13
10993,13
10994,5
10995,8
10996,14
10997,14
10998,0
10999,0
11000,5
11001,0
11002,2
11003,6
11004,2
11005,2
11006,2
11007,14
11008,6
11009,4
11010,4
11011,13
11012,0
11013,10
11014,14
11015,3
11016,6
11017,5
11018,7
11019,0
11020,4
11021,2
11022,13
11023,0
11024,8
11025,1
11026,8
11027,5
11028,6
11029,8
11030,14
11031,13
11032,4
11033,5
11034,2
11035,14
11036,14
11037,13
11038,3
11039,0
11040,1
11041,14
11042,14
11043,2
11044,0
11045,0
11046,4
11047,2
11048,5
11049,13
11050,4
11051,1
11052,1
11053,14
11054,0
11055,0
11056,0
11057,14
11058,5
11059,5
11060,7
11061,8
11062,3
11063,8
11064,4
11065,11
11066,0
11067,6
11068,2
11069,0
11070,4
11071,5
11072,8
11073,1
11074,7
11075,5
11076,6
11077,4
11078,0
11079,10
11080,8
11081,8
11082,1
11083,8
11084,5
11085,14
11086,9
11087,13
11088,7
11089,0
11090,14
11091,12
11092,9
11093,4
11094,3
11095,5
11096,4
11097,4
11098,8
11099,6
11100,6
11101,5
11102,0
11103,14
11104,4
11105,1
11106,14
11107,6
11108,8
11109,8
11110,8
11111,2
11112,5
11113,2
11114,10
11115,5
11116,8
11117,0
11118,14
11119,12
11120,4
11121,4
11122,5
11123,4
11124,2
11125,2
11126,2
11127,11
11128,1
11129,0
11130,2
11131,1
11132,9
11133,12
11134,5
11135,8
11136,4
11137,1
11138,0
11139,10
11140,5
11141,3
11142,13
11143,4
11144,4
11145,13
11146,5
11147,7
11148,13
11149,4
11150,4
11151,5
11152,5
11153,14
11154,2
11155,14
11156,1
11157,13
11158,10
11159,14
11160,5
11161,11
11162,5
11163,8
11164,14
11165,0
11166,14
11167,12
11168,9
11169,8
11170,7
11171,4
11172,3
11173,10
11174,1
11175,14
11176,14
11177,4
11178,3
11179,7
11180,0
11181,4
11182,8
11183,4
11184,1
11185,1
11186,5
11187,5
11188,2
11189,7
11190,10
11191,3
11192,5
11193,2
11194,13
11195,1
11196,13
11197,1
11198,4
11199,14
11200,0
11201,2
11202,7
11203,4
11204,1
11205,5
11206,14
11207,4
11208,7
11209,14
11210,1
11211,2
11212,2
11213,8
11214,3
11215,0
11216,5
11217,6
11218,5
11219,4
11220,1
11221,4
11222,4
11223,0
11224,0
11225,0
11226,14
11227,8
11228,5
11229,4
11230,4
11231,10
11232,14
11233,14
11234,0
11235,0
11236,5
11237,11
11238,5
11239,14
11240,14
11241,6
11242,13
11243,7
11244,1
11245,2
11246,5
11247,9
11248,9
11249,2
11250,5
11251,7
11252,11
11253,0
11254,0
11255,13
11256,1
11257,0
11258,7
11259,2
11260,5
11261,14
11262,4
11263,2
11264,14
11265,6
11266,0
11267,6
11268,2
11269,7
11270,1
11271,1
11272,4
11273,1
11274,13
11275,6
11276,4
11277,0
11278,4
11279,9
11280,0
11281,14
11282,13
11283,1
11284,5
11285,13
11286,2
11287,4
11288,2
11289,8
11290,14
11291,6
11292,14
11293,0
11294,14
11295,2
11296,5
11297,4
11298,2
11299,1
11300,4
11301,10
11302,14
11303,4
11304,11
11305,1
11306,5
11307,5
11308,0
11309,0
11310,10
11311,2
11312,2
11313,4
11314,7
11315,8
11316,6
11317,9
11318,8
11319,6
11320,14
11321,2
11322,2
11323,11
11324,14
11325,5
11326,1
11327,1
11328,3
11329,10
11330,3
11331,1
11332,1
11333,1
11334,9
11335,6
11336,8
11337,5
11338,8
11339,14
11340,13
11341,9
11342,10
11343,4
11344,6
11345,9
11346,4
11347,6
11348,13
11349,6
11350,1
11351,0
11352,0
11353,4
11354,10
11355,14
11356,3
11357,0
11358,14
11359,2
11360,13
11361,5
11362,6
11363,6
11364,4
11365,7
11366,8
11367,2
11368,8
11369,3
11370,8
11371,3
11372,5
11373,14
11374,8
11375,5
11376,0
11377,7
11378,14
11379,1
11380,14
11381,9
11382,1
11383,4
11384,11
11385,0
11386,14
11387,5
11388,4
11389,2
11390,4
11391,2
11392,10
11393,2
11394,13
11395,4
11396,4
11397,8
11398,0
11399,4
11400,8
11401,2
11402,10
11403,4
11404,11
11405,0
11406,5
11407,6
11408,11
11409,2
11410,6
11411,8
11412,8
11413,1
11414,4
11415,8
11416,6
11417,4
11418,5
11419,10
11420,0
11421,5
11422,4
11423,2
11424,0
11425,3
11426,5
11427,11
11428,4
11429,3
11430,5
11431,8
11432,2
11433,11
11434,5
11435,6
11436,0
11437,7
11438,8
11439,1
11440,2
11441,2
11442,6
11443,0
11444,4
11445,3
11446,10
11447,14
11448,2
11449,4
11450,2
11451,2
11452,4
11453,10
11454,9
11455,5
11456,5
11457,0
11458,0
11459,2
11460,5
11461,1
11462,2
11463,10
11464,4
11465,6
11466,2
11467,6
11468,1
11469,0
11470,5
11471,5
11472,2
11473,14
11474,6
11475,5
11476,0
11477,5
11478,14
11479,4
11480,6
11481,2
11482,8
11483,4
11484,2
11485,10
11486,4
11487,13
11488,2
11489,14
11490,6
11491,4
11492,2
11493,10
11494,5
11495,1
11496,5
11497,2
11498,8
11499,8
11500,10
11501,5
11502,14
11503,2
11504,14
11505,0
11506,1
11507,0
11508,12
11509,0
11510,5
11511,1
11512,2
11513,5
11514,5
11515,14
11516,1
11517,0
11518,0
11519,11
11520,9
11521,0
11522,6
11523,4
11524,10
11525,5
11526,4
11527,7
11528,4
11529,8
11530,5
11531,14
11532,14
11533,4
11534,1
11535,13
11536,2
11537,9
11538,14
11539,1
11540,0
11541,8
11542,10
11543,14
11544,8
11545,0
11546,14
11547,5
11548,4
11549,0
11550,2
11551,1
11552,2
11553,1
11554,10
11555,2
11556,0
11557,8
11558,3
11559,8
11560,2
11561,4
11562,0
11563,1
11564,2
11565,14
11566,8
11567,5
11568,11
11569,2
11570,0
11571,5
11572,12
11573,1
11574,7
11575,4
11576,13
11577,13
11578,6
11579,4
11580,14
11581,10
11582,4
11583,5
11584,0
11585,2
11586,14
11587,2
11588,0
11589,0
11590,11
11591,14
11592,13
11593,13
11594,12
11595,2
11596,14
11597,7
11598,3
11599,4
11600,8
11601,4
11602,2
11603,0
11604,0
11605,7
11606,14
11607,2
11608,4
11609,14
11610,9
11611,0
11612,2
11613,11
11614,2
11615,4
11616,8
11617,0
11618,13
11619,1
11620,1
11621,0
11622,5
11623,14
11624,2
11625,14
11626,5
11627,5
11628,2
11629,1
11630,1
11631,8
11632,0
11633,2
11634,2
11635,1
11636,0
11637,0
11638,8
11639,8
11640,4
11641,1
11642,1
11643,9
11644,2
11645,8
11646,1
11647,5
11648,4
11649,14
11650,4
11651,10
11652,7
11653,1
11654,8
11655,5
11656,7
11657,12
11658,3
11659,5
11660,0
11661,7
11662,14
11663,2
11664,0
11665,13
11666,0
11667,14
11668,0
11669,0
11670,0
11671,1
11672,4
11673,5
11674,0
11675,9
11676,14
11677,4
11678,5
11679,5
11680,14
11681,14
11682,4
11683,2
11684,3
11685,8
11686,5
11687,5
11688,6
11689,14
11690,0
11691,14
11692,7
11693,1
11694,4
11695,8
11696,0
11697,5
11698,0
11699,5
11700,10
11701,3
11702,2
11703,2
11704,5
11705,7
11706,2
11707,1
11708,2
11709,2
11710,4
11711,2
11712,4
11713,8
11714,7
11715,5
11716,14
11717,4
11718,9
11719,10
11720,0
11721,2
11722,2
11723,5
11724,4
11725,7
11726,6
11727,9
11728,2
11729,4
11730,3
11731,7
11732,13
11733,8
11734,0
11735,0
11736,6
11737,1
11738,10
11739,10
11740,10
11741,14
11742,5
11743,14
11744,1
11745,4
11746,5
11747,6
11748,8
11749,11
11750,14
11751,8
11752,4
11753,14
11754,5
11755,6
11756,4
11757,5
11758,3
11759,1
11760,1
11761,6
11762,0
11763,4
11764,1
11765,0
11766,0
11767,0
11768,1
11769,2
11770,8
11771,7
11772,4
11773,1
11774,14
11775,5
11776,4
11777,9
11778,14
11779,8
11780,5
11781,5
11782,2
11783,7
11784,8
11785,9
11786,7
11787,3
11788,13
11789,0
11790,2
11791,0
11792,0
11793,13
11794,6
11795,4
11796,13
11797,7
11798,13
11799,2
11800,5
11801,8
11802,13
11803,5
11804,8
11805,1
11806,5
11807,10
11808,0
11809,14
11810,2
11811,4
11812,2
11813,8
11814,0
11815,0
11816,2
11817,6
11818,0
11819,9
11820,4
11821,0
11822,2
11823,5
11824,11
11825,5
11826,1
11827,4
11828,14
11829,4
11830,2
11831,4
11832,4
11833,8
11834,2
11835,6
11836,0
11837,2
11838,8
11839,8
11840,13
11841,5
11842,4
11843,4
11844,14
11845,3
11846,11
11847,14
11848,3
11849,0
11850,7
11851,8
11852,5
11853,5
11854,1
11855,2
11856,6
11857,4
11858,8
11859,10
11860,10
11861,2
11862,2
11863,13
11864,4
11865,7
11866,14
11867,11
11868,11
11869,1
11870,4
11871,13
11872,2
11873,4
11874,2
11875,9
11876,6
11877,2
11878,10
11879,1
11880,2
11881,14
11882,1
11883,0
11884,6
11885,6
11886,2
11887,4
11888,5
11889,2
11890,7
11891,4
11892,0
11893,3
11894,2
11895,5
11896,0
11897,14
11898,4
11899,5
11900,4
11901,14
11902,0
11903,6
11904,3
11905,4
11906,8
11907,5
11908,1
11909,10
11910,0
11911,2
11912,6
11913,4
11914,0
11915,11
11916,0
11917,8
11918,5
11919,1
11920,1
11921,8
11922,13
11923,1
11924,0
11925,1
11926,5
11927,2
11928,14
11929,11
11930,14
11931,2
11932,2
11933,0
11934,3
11935,11
11936,14
11937,4
11938,13
11939,14
11940,10
11941,13
11942,5
11943,1
11944,1
11945,12
11946,3
11947,11
11948,4
11949,4
11950,2
11951,10
11952,2
11953,5
11954,4
11955,3
11956,0
11957,5
11958,7
11959,4
11960,6
11961,2
11962,14
11963,5
11964,5
11965,11
11966,5
11967,9
11968,3
11969,8
11970,6
11971,3
11972,3
11973,7
11974,8
11975,8
11976,3
11977,5
11978,14
11979,14
11980,1
11981,5
11982,0
11983,8
11984,11
11985,7
11986,8
11987,1
11988,0
11989,1
11990,4
11991,0
11992,0
11993,13
11994,9
11995,4
11996,1
11997,10
11998,1
11999,11
12000,11
12001,0
12002,2
12003,5
12004,8
12005,2
12006,13
12007,13
12008,9
12009,5
12010,14
12011,8
12012,1
12013,8
12014,1
12015,5
12016,14
12017,11
12018,10
12019,4
12020,3
12021,14
12022,4
12023,0
12024,4
12025,1
12026,3
12027,2
12028,7
12029,12
12030,4
12031,14
12032,6
12033,2
12034,4
12035,4
12036,0
12037,1
12038,1
12039,1
12040,2
12041,5
12042,8
12043,3
12044,6
12045,0
12046,5
12047,5
12048,2
12049,2
12050,0
12051,6
12052,0
12053,7
12054,6
12055,14
12056,8
12057,2
12058,9
12059,14
12060,14
12061,2
12062,14
12063,0
12064,1
12065,14
12066,4
12067,5
12068,2
12069,0
12070,3
12071,9
12072,5
12073,2
12074,0
12075,9
12076,4
12077,14
12078,2
12079,4
12080,3
12081,11
12082,10
12083,3
12084,14
12085,11
12086,14
12087,8
12088,4
12089,0
12090,5
12091,4
12092,13
12093,5
12094,4
12095,0
12096,4
12097,1
12098,1
12099,8
12100,2
12101,3
12102,0
12103,3
12104,11
12105,1
12106,0
12107,0
12108,3
12109,2
12110,14
12111,4
12112,0
12113,3
12114,4
12115,8
12116,2
12117,12
12118,8
12119,0
12120,1
12121,0
12122,1
12123,2
12124,4
12125,4
12126,4
12127,7
12128,6
12129,2
12130,3
12131,7
12132,6
12133,1
12134,14
12135,5
12136,14
12137,4
12138,14
12139,4
12140,3
12141,0
12142,0
12143,2
12144,2
12145,7
12146,1
12147,11
12148,12
12149,4
12150,7
12151,13
12152,12
12153,5
12154,0
12155,4
12156,6
12157,8
12158,6
12159,1
12160,0
12161,11
12162,1
12163,5
12164,4
12165,0
12166,5
12167,4
12168,0
12169,14
12170,2
12171,3
12172,11
12173,4
12174,9
12175,5
12176,14
12177,4
12178,14
12179,2
12180,14
12181,6
12182,14
12183,0
12184,8
12185,5
12186,4
12187,13
12188,1
12189,0
12190,6
12191,10
12192,2
12193,3
12194,3
12195,5
12196,7
12197,2
12198,14
12199,3
12200,4
12201,14
12202,14
12203,14
12204,2
12205,0
12206,8
12207,2
12208,0
12209,14
12210,14
12211,7
12212,5
12213,10
12214,14
12215,0
12216,1
12217,7
12218,2
12219,1
12220,3
12221,14
12222,0
12223,7
12224,0
12225,0
12226,8
12227,2
12228,12
12229,6
12230,5
12231,4
12232,1
12233,14
12234,7
12235,11
12236,14
12237,8
12238,10
12239,10
12240,13
12241,14
12242,4
12243,4
12244,5
12245,6
12246,0
12247,14
12248,1
12249,0
12250,6
12251,2
12252,7
12253,0
12254,10
12255,0
12256,14
12257,2
12258,0
12259,1
12260,13
12261,4
12262,0
12263,2
12264,6
12265,6
12266,3
12267,8
12268,1
12269,1
12270,1
12271,0
12272,8
12273,1
12274,4
12275,6
12276,10
12277,5
12278,5
12279,4
12280,14
12281,0
12282,2
12283,13
12284,10
12285,4
12286,0
12287,14
12288,2
12289,5
12290,4
12291,7
12292,0
12293,13
12294,2
12295,14
12296,1
12297,7
12298,1
12299,8
12300,5
12301,2
12302,11
12303,4
12304,4
12305,4
12306,10
12307,1
12308,0
12309,2
12310,5
12311,7
12312,7
12313,14
12314,3
12315,0
12316,2
12317,1
12318,4
12319,8
12320,0
12321,5
12322,8
12323,4
12324,4
12325,4
12326,5
12327,5
12328,4
12329,4
12330,13
12331,14
12332,1
12333,8
12334,5
12335,11
12336,12
12337,8
12338,10
12339,14
12340,0
12341,2
12342,0
12343,4
12344,4
12345,13
12346,14
12347,5
12348,14
12349,2
12350,14
12351,4
12352,5
12353,5
12354,8
12355,4
12356,2
12357,1
12358,0
12359,14
12360,7
12361,4
12362,1
12363,3
12364,8
12365,1
12366,4
12367,4
12368,8
12369,11
12370,5
12371,11
12372,1
12373,14
12374,0
12375,1
12376,2
12377,6
12378,2
12379,1
12380,4
12381,14
12382,10
12383,0
12384,6
12385,6
12386,13
12387,2
12388,3
12389,2
12390,3
12391,4
12392,2
12393,5
12394,11
12395,4
12396,3
12397,11
12398,10
12399,8
12400,9
12401,5
12402,0
12403,2
12404,14
12405,5
12406,0
12407,1
12408,4
12409,6
12410,2
12411,6
12412,13
12413,6
12414,3
12415,3
12416,14
12417,2
12418,8
12419,11
12420,4
12421,6
12422,8
12423,4
12424,5
12425,14
12426,4
12427,10
12428,2
12429,4
12430,4
12431,8
12432,5
12433,14
12434,4
12435,4
12436,6
12437,7
12438,4
12439,14
12440,4
12441,14
12442,8
12443,11
12444,13
12445,3
12446,8
12447,14
12448,2
12449,4
12450,13
12451,6
12452,7
12453,5
12454,5
12455,1
12456,8
12457,8
12458,2
12459,13
12460,11
12461,8
12462,2
12463,6
12464,5
12465,10
12466,7
12467,14
12468,4
12469,2
12470,14
12471,5
12472,2
12473,8
12474,4
12475,3
12476,14
12477,14
12478,0
12479,3
12480,4
12481,2
12482,3
12483,14
12484,1
12485,11
12486,5
12487,0
12488,2
12489,5
12490,14
12491,5
12492,8
12493,9
12494,4
12495,9
12496,11
12497,5
12498,5
12499,11
12500,8
12501,4
12502,8
12503,5
12504,11
12505,10
12506,2
12507,9
12508,0
12509,0
12510,4
12511,2
12512,5
12513,8
12514,1
12515,1
12516,5
12517,14
12518,5
12519,5
12520,7
12521,0
12522,6
12523,1
12524,1
12525,13
12526,6
12527,4
12528,2
12529,1
12530,1
12531,3
12532,7
12533,13
12534,1
12535,6
12536,5
12537,1
12538,0
12539,1
12540,2
12541,10
12542,13
12543,8
12544,2
12545,5
12546,10
12547,3
12548,2
12549,3
12550,0
12551,5
12552,4
12553,4
12554,10
12555,1
12556,14
12557,3
12558,8
12559,8
12560,8
12561,5
12562,1
12563,8
12564,1
12565,4
12566,2
12567,1
12568,8
12569,5
12570,1
12571,2
12572,0
12573,13
12574,0
12575,10
12576,0
12577,2
12578,10
12579,13
12580,14
12581,9
12582,0
12583,0
12584,8
12585,11
12586,13
12587,8
12588,14
12589,13
12590,7
12591,2
12592,9
12593,5
12594,2
12595,12
12596,8
12597,12
12598,2
12599,1
12600,11
12601,14
12602,1
12603,2
12604,14
12605,4
12606,2
12607,5
12608,2
12609,3
12610,2
12611,6
12612,5
12613,2
12614,5
12615,9
12616,9
12617,0
12618,8
12619,6
12620,14
12621,1
12622,2
12623,13
12624,9
12625,9
12626,7
12627,0
12628,2
12629,5
12630,14
12631,5
12632,13
12633,14
12634,4
12635,2
12636,7
12637,11
12638,2
12639,3
12640,0
12641,11
12642,2
12643,6
12644,6
12645,0
12646,5
12647,0
12648,5
12649,5
12650,0
12651,7
12652,2
12653,0
12654,8
12655,1
12656,5
12657,8
12658,6
12659,0
12660,14
12661,0
12662,4
12663,2
12664,7
12665,8
12666,8
12667,5
12668,2
12669,4
12670,8
12671,0
12672,14
12673,8
12674,6
12675,6
12676,5
12677,13
12678,5
12679,1
12680,2
12681,7
12682,10
12683,12
12684,1
12685,5
12686,3
12687,4
12688,1
12689,9
12690,7
12691,7
12692,0
12693,2
12694,4
12695,4
12696,1
12697,4
12698,14
12699,10
12700,14
12701,0
12702,6
12703,1
12704,6
12705,4
12706,0
12707,10
12708,2
12709,8
12710,13
12711,3
12712,0
12713,8
12714,5
12715,9
12716,11
12717,10
12718,2
12719,0
12720,0
12721,0
12722,8
12723,13
12724,7
12725,11
12726,5
12727,0
12728,4
12729,8
12730,1
12731,5
12732,10
12733,8
12734,2
12735,2
12736,4
12737,2
12738,12
12739,3
12740,7
12741,2
12742,14
12743,7
12744,14
12745,9
12746,14
12747,1
12748,5
12749,2
12750,0
12751,1
12752,4
12753,4
12754,8
12755,7
12756,6
12757,0
12758,2
12759,5
12760,11
12761,3
12762,3
12763,8
12764,5
12765,2
12766,10
12767,6
12768,1
12769,1
12770,8
12771,14
12772,2
12773,10
12774,14
12775,8
12776,2
12777,8
12778,2
12779,4
12780,0
12781,5
12782,1
12783,6
12784,9
12785,4
12786,0
12787,2
12788,8
12789,0
12790,7
12791,13
12792,4
12793,8
12794,3
12795,8
12796,3
12797,14
12798,3
12799,1
12800,11
12801,5
12802,4
12803,3
12804,5
12805,8
12806,4
12807,2
12808,5
12809,1
12810,2
12811,14
12812,1
12813,4
12814,6
12815,8
12816,4
12817,0
12818,13
12819,8
12820,0
12821,0
12822,2
12823,3
12824,4
12825,4
12826,8
12827,7
12828,5
12829,5
12830,4
12831,5
12832,4
12833,0
12834,8
12835,9
12836,6
12837,5
12838,2
12839,13
12840,2
12841,5
12842,7
12843,2
12844,4
12845,0
12846,2
12847,8
12848,14
12849,2
12850,1
12851,7
12852,2
12853,6
12854,6
12855,4
12856,3
12857,6
12858,5
12859,7
12860,1
12861,4
12862,2
12863,4
12864,8
12865,5
12866,9
12867,10
12868,12
12869,14
12870,1
12871,2
12872,4
12873,13
12874,4
12875,9
12876,1
12877,14
12878,2
12879,9
12880,5
12881,5
12882,11
12883,5
12884,14
12885,10
12886,0
12887,1
12888,6
12889,8
12890,14
12891,4
12892,7
12893,4
12894,11
12895,14
12896,9
12897,7
12898,0
12899,2
12900,0
12901,5
12902,14
12903,4
12904,1
12905,4
12906,11
12907,14
12908,5
12909,0
12910,0
12911,9
12912,0
12913,7
12914,1
12915,4
12916,3
12917,5
12918,4
12919,4
12920,0
12921,12
12922,0
12923,8
12924,7
12925,5
12926,1
12927,14
12928,6
12929,10
12930,3
12931,13
12932,1
12933,8
12934,0
12935,3
12936,2
12937,0
12938,7
12939,8
12940,13
12941,5
12942,14
12943,0
12944,2
12945,5
12946,14
12947,4
12948,1
12949,2
12950,1
12951,4
12952,14
12953,2
12954,6
12955,8
12956,2
12957,1
12958,4
12959,6
12960,3
12961,4
12962,2
12963,4
12964,4
12965,6
12966,2
12967,7
12968,4
12969,2
12970,5
12971,6
12972,5
12973,2
12974,7
12975,10
12976,5
12977,4
12978,9
12979,14
12980,5
12981,4
12982,5
12983,4
12984,2
12985,1
12986,1
12987,14
12988,2
12989,5
12990,3
12991,5
12992,0
12993,13
12994,1
12995,13
12996,2
12997,0
12998,13
12999,4
13000,4
13001,2
13002,7
13003,6
13004,4
13005,8
13006,4
13007,0
13008,6
13009,4
13010,0
13011,4
13012,5
13013,5
13014,2
13015,5
13016,6
13017,2
13018,5
13019,2
13020,6
13021,10
13022,2
13023,4
13024,11
13025,3
13026,0
13027,3
13028,3
13029,13
13030,0
13031,7
13032,5
13033,14
13034,9
13035,0
13036,1
13037,4
13038,3
13039,6
13040,3
13041,3
13042,8
13043,14
13044,11
13045,6
13046,2
13047,1
13048,2
13049,2
13050,4
13051,2
13052,13
13053,3
13054,7
13055,1
13056,5
13057,8
13058,0
13059,14
13060,2
13061,0
13062,4
13063,6
13064,1
13065,11
13066,2
13067,14
13068,13
13069,1
13070,1
13071,0
13072,13
13073,0
13074,7
13075,1
13076,1
13077,8
13078,2
13079,3
13080,10
13081,4
13082,9
13083,2
13084,0
13085,2
13086,6
13087,4
13088,4
13089,8
13090,5
13091,0
13092,5
13093,8
13094,4
13095,5
13096,14
13097,5
13098,3
13099,0
13100,5
13101,3
13102,2
13103,11
13104,0
13105,0
13106,14
13107,1
13108,11
13109,14
13110,4
13111,8
13112,4
13113,3
13114,0
13115,7
13116,6
13117,14
13118,2
13119,1
13120,11
13121,1
13122,5
13123,5
13124,6
13125,4
13126,4
13127,7
13128,4
13129,2
13130,2
13131,14
13132,5
13133,5
13134,8
13135,0
13136,0
13137,3
13138,14
13139,0
13140,14
13141,5
13142,5
13143,8
13144,14
13145,14
13146,10
13147,0
13148,5
13149,14
13150,6
13151,4
13152,12
13153,5
13154,4
13155,7
13156,4
13157,4
13158,13
13159,14
13160,1
13161,4
13162,14
13163,1
13164,14
13165,0
13166,4
13167,5
13168,6
13169,0
13170,4
13171,2
13172,4
13173,1
13174,5
13175,14
13176,3
13177,4
13178,6
13179,2
13180,0
13181,11
13182,8
13183,5
13184,9
13185,8
13186,2
13187,4
13188,2
13189,0
13190,2
13191,5
13192,5
13193,3
13194,11
13195,0
13196,4
13197,0
13198,5
13199,12
13200,7
13201,1
13202,1
13203,10
13204,4
13205,5
13206,12
13207,2
13208,5
13209,14
13210,14
13211,13
13212,2
13213,5
13214,5
13215,1
13216,5
13217,5
13218,1
13219,14
13220,5
13221,5
13222,11
13223,12
13224,6
13225,5
13226,2
13227,3
13228,5
13229,14
13230,8
13231,13
13232,9
13233,9
13234,4
13235,0
13236,6
13237,8
13238,4
13239,6
13240,0
13241,2
13242,2
13243,9
13244,10
13245,2
13246,8
13247,6
13248,13
13249,1
13250,2
13251,13
13252,0
13253,8
13254,8
13255,8
13256,1
13257,4
13258,9
13259,0
13260,2
13261,4
13262,0
13263,9
13264,1
13265,13
13266,14
13267,13
13268,11
13269,6
13270,14
13271,5
13272,2
13273,13
13274,4
13275,9
13276,13
13277,6
13278,12
13279,10
13280,6
13281,1
13282,4
13283,9
13284,0
13285,0
13286,0
13287,8
13288,14
13289,14
13290,5
13291,0
13292,7
13293,1
13294,4
13295,2
13296,4
13297,3
13298,6
13299,14
13300,4
13301,4
13302,10
13303,7
13304,6
13305,2
13306,0
13307,3
13308,0
13309,7
13310,14
13311,5
13312,5
13313,0
13314,4
13315,13
13316,14
13317,7
13318,7
13319,6
13320,4
13321,5
13322,0
13323,3
13324,2
13325,3
13326,6
13327,13
13328,14
13329,11
13330,7
13331,1
13332,8
13333,4
13334,5
13335,1
13336,14
13337,4
13338,11
13339,2
13340,5
13341,5
13342,2
13343,10
13344,14
13345,14
13346,7
13347,8
13348,6
13349,1
13350,11
13351,1
13352,4
13353,2
13354,3
13355,14
13356,6
13357,1
13358,4
13359,4
13360,5
13361,2
13362,8
13363,2
13364,2
13365,2
13366,0
13367,1
13368,4
13369,2
13370,7
13371,8
13372,13
13373,1
13374,0
13375,13
13376,4
13377,5
13378,7
13379,2
13380,0
13381,2
13382,2
13383,10
13384,10
13385,5
13386,13
13387,13
13388,4
13389,0
13390,3
13391,4
13392,14
13393,5
13394,2
13395,4
13396,5
13397,6
13398,13
13399,1
13400,2
13401,10
13402,1
13403,8
13404,8
13405,8
13406,8
13407,10
13408,4
13409,2
13410,4
13411,2
13412,8
13413,13
13414,4
13415,0
13416,0
13417,1
13418,1
13419,14
13420,2
13421,4
13422,6
13423,2
13424,2
13425,8
13426,2
13427,1
13428,1
13429,7
13430,14
13431,5
13432,0
13433,14
13434,10
13435,2
13436,8
13437,6
13438,6
13439,2
13440,5
13441,2
13442,14
13443,8
13444,5
13445,4
13446,6
13447,8
13448,2
13449,2
13450,14
13451,8
13452,0
13453,14
13454,5
13455,13
13456,6
13457,8
13458,9
13459,3
13460,0
13461,8
13462,0
13463,11
13464,0
13465,13
13466,7
13467,10
13468,4
13469,2
13470,13
13471,5
13472,1
13473,14
13474,4
13475,5
13476,6
13477,4
13478,4
13479,1
13480,14
13481,6
13482,6
13483,14
13484,0
13485,3
13486,14
13487,1
13488,0
13489,2
13490,14
13491,5
13492,0
13493,14
13494,5
13495,1
13496,4
13497,0
13498,4
13499,1
13500,2
13501,11
13502,5
13503,9
13504,0
13505,5
13506,5
13507,14
13508,3
13509,2
13510,6
13511,5
13512,5
13513,5
13514,11
13515,3
13516,14
13517,14
13518,4
13519,14
13520,4
13521,0
13522,2
13523,14
13524,2
13525,8
13526,8
13527,9
13528,4
13529,5
13530,14
13531,1
13532,4
13533,9
13534,4
13535,8
13536,11
13537,12
13538,4
13539,13
13540,8
13541,14
13542,7
13543,7
13544,5
13545,9
13546,4
13547,8
13548,7
13549,4
13550,2
13551,0
13552,10
13553,5
13554,6
13555,1
13556,4
13557,14
13558,4
13559,0
13560,0
13561,14
13562,0
13563,2
13564,6
13565,14
13566,5
13567,0
13568,0
13569,6
13570,5
13571,4
13572,5
13573,7
13574,14
13575,14
13576,9
13577,1
13578,1
13579,10
13580,14
13581,1
13582,5
13583,0
13584,6
13585,14
13586,5
13587,5
13588,5
13589,10
13590,14
13591,14
13592,11
13593,4
13594,1
13595,14
13596,1
13597,3
13598,4
13599,8
13600,14
13601,4
13602,6
13603,14
13604,1
13605,14
13606,4
13607,7
13608,0
13609,0
13610,0
13611,4
13612,7
13613,5
13614,3
13615,0
13616,13
13617,6
13618,4
13619,0
13620,14
13621,8
13622,6
13623,0
13624,11
13625,14
13626,3
13627,2
13628,5
13629,10
13630,7
13631,1
13632,5
13633,6
13634,4
13635,14
13636,4
13637,10
13638,5
13639,1
13640,4
13641,2
13642,4
13643,5
13644,13
13645,2
13646,14
13647,4
13648,1
13649,1
13650,8
13651,0
13652,8
13653,0
13654,7
13655,7
13656,14
13657,0
13658,8
13659,2
13660,5
13661,5
13662,11
13663,2
13664,5
13665,7
13666,2
13667,0
13668,4
13669,2
13670,4
13671,14
13672,4
13673,2
13674,0
13675,13
13676,11
13677,0
13678,0
13679,4
13680,0
13681,14
13682,2
13683,4
13684,8
13685,7
13686,4
13687,1
13688,0
13689,2
13690,8
13691,1
13692,14
13693,14
13694,2
13695,5
13696,4
13697,4
13698,4
13699,1
13700,13
13701,1
13702,10
13703,0
13704,1
13705,14
13706,9
13707,0
13708,1
13709,2
13710,0
13711,5
13712,9
13713,14
13714,13
13715,5
13716,0
13717,0
13718,4
13719,5
13720,2
13721,1
13722,5
13723,1
13724,14
13725,14
13726,2
13727,2
13728,0
13729,13
13730,10
13731,4
13732,4
13733,2
13734,7
13735,8
13736,5
13737,5
13738,9
13739,0
13740,4
13741,14
13742,4
13743,7
13744,1
13745,3
13746,3
13747,11
13748,3
13749,5
13750,3
13751,1
13752,6
13753,2
13754,5
13755,5
13756,1
13757,8
13758,10
13759,9
13760,4
13761,2
13762,14
13763,8
13764,7
13765,0
13766,5
13767,0
13768,10
13769,12
13770,6
13771,5
13772,0
13773,2
13774,4
13775,8
13776,5
13777,1
13778,4
13779,5
13780,8
13781,14
13782,10
13783,10
13784,4
13785,3
13786,2
13787,10
13788,7
13789,6
13790,8
13791,8
13792,0
13793,4
13794,4
13795,1
13796,1
13797,6
13798,2
13799,1
13800,4
13801,0
13802,2
13803,8
13804,2
13805,3
13806,2
13807,4
13808,7
13809,0
13810,7
13811,2
13812,5
13813,0
13814,14
13815,5
13816,9
13817,5
13818,10
13819,1
13820,14
13821,4
13822,0
13823,13
13824,5
13825,2
13826,5
13827,7
13828,2
13829,4
13830,13
13831,0
13832,5
13833,13
13834,6
13835,11
13836,2
13837,4
13838,13
13839,8
13840,7
13841,0
13842,1
13843,14
13844,5
13845,14
13846,14
13847,1
13848,4
13849,0
13850,13
13851,5
13852,14
13853,4
13854,14
13855,14
13856,10
13857,5
13858,0
13859,5
13860,4
13861,14
13862,0
13863,0
13864,4
13865,5
13866,10
13867,2
13868,14
13869,5
13870,14
13871,1
13872,0
13873,0
13874,4
13875,4
13876,4
13877,5
13878,13
13879,4
13880,7
13881,8
13882,2
13883,4
13884,0
13885,2
13886,2
13887,0
13888,0
13889,1
13890,5
13891,14
13892,6
13893,14
13894,14
13895,4
13896,14
13897,6
13898,5
13899,0
13900,6
13901,7
13902,4
13903,5
13904,5
13905,8
13906,4
13907,0
13908,10
13909,4
13910,8
13911,1
13912,2
13913,2
13914,8
13915,0
13916,7
13917,5
13918,5
13919,3
13920,7
13921,2
13922,14
13923,1
13924,4
13925,2
13926,5
13927,14
13928,5
13929,8
13930,5
13931,7
13932,5
13933,2
13934,8
13935,1
13936,3
13937,4
13938,1
13939,2
13940,4
13941,2
13942,3
13943,0
13944,7
13945,9
13946,0
13947,4
13948,8
13949,2
13950,14
13951,0
13952,0
13953,6
13954,2
13955,10
13956,6
13957,5
13958,4
13959,13
13960,6
13961,14
13962,4
13963,8
13964,5
13965,2
13966,10
13967,12
13968,3
13969,6
13970,4
13971,0
13972,6
13973,10
13974,14
13975,4
13976,2
13977,5
13978,2
13979,14
13980,4
13981,9
13982,3
13983,3
13984,5
13985,4
13986,14
13987,14
13988,14
13989,0
13990,4
13991,3
13992,8
13993,5
13994,2
13995,0
13996,2
13997,10
13998,4
13999,0
14000,0
14001,14
14002,6
14003,0
14004,11
14005,2
14006,3
14007,3
14008,5
14009,13
14010,14
14011,5
14012,14
14013,14
14014,0
14015,7
14016,4
14017,14
14018,11
14019,6
14020,8
14021,0
14022,0
14023,6
14024,2
14025,0
14026,5
14027,4
14028,4
14029,9
14030,4
14031,8
14032,8
14033,1
14034,10
14035,1
14036,1
14037,13
14038,8
14039,0
14040,2
14041,7
14042,0
14043,4
14044,11
14045,7
14046,0
14047,4
14048,4
14049,2
14050,14
14051,1
14052,14
14053,5
14054,11
14055,14
14056,9
14057,5
14058,4
14059,0
14060,14
14061,2
14062,5
14063,8
14064,9
14065,5
14066,4
14067,13
14068,11
14069,2
14070,4
14071,6
14072,13
14073,5
14074,13
14075,2
14076,5
14077,7
14078,0
14079,3
14080,1
14081,14
14082,13
14083,0
14084,2
14085,5
14086,3
14087,14
14088,6
14089,5
14090,3
14091,5
14092,4
14093,4
14094,0
14095,4
14096,4
14097,4
14098,4
14099,7
14100,13
14101,8
14102,4
14103,9
14104,4
14105,4
14106,1
14107,14
14108,14
14109,1
14110,2
14111,4
14112,5
14113,0
14114,5
14115,3
14116,4
14117,4
14118,1
14119,2
14120,14
14121,1
14122,2
14123,2
14124,1
14125,8
14126,0
14127,4
14128,7
14129,2
14130,2
14131,5
14132,0
14133,3
14134,7
14135,1
14136,1
14137,4
14138,4
14139,3
14140,3
14141,7
14142,6
14143,4
14144,11
14145,1
14146,2
14147,1
14148,12
14149,2
14150,2
14151,14
14152,3
14153,12
14154,8
14155,13
14156,10
14157,4
14158,14
14159,7
14160,11
14161,1
14162,4
14163,5
14164,1
14165,3
14166,6
14167,5
14168,4
14169,3
14170,2
14171,0
14172,2
14173,4
14174,3
14175,14
14176,0
14177,1
14178,14
14179,2
14180,0
14181,0
14182,1
14183,3
14184,5
14185,5
14186,6
14187,11
14188,1
14189,5
14190,1
14191,12
14192,8
14193,9
14194,4
14195,5
14196,0
14197,14
14198,7
14199,14
14200,14
14201,0
14202,4
14203,2
14204,9
14205,2
14206,14
14207,4
14208,4
14209,2
14210,5
14211,0
14212,9
14213,9
14214,2
14215,5
14216,8
14217,3
14218,6
14219,4
14220,7
14221,14
14222,7
14223,8
14224,0
14225,2
14226,14
14227,10
14228,14
14229,14
14230,3
14231,1
14232,9
14233,1
14234,1
14235,3
14236,14
14237,8
14238,4
14239,5
14240,9
14241,10
14242,5
14243,2
14244,1
14245,13
14246,10
14247,4
14248,5
14249,4
14250,7
14251,12
14252,4
14253,2
14254,9
14255,11
14256,10
14257,8
14258,4
14259,4
14260,7
14261,7
14262,0
14263,0
14264,0
14265,8
14266,4
14267,13
14268,6
14269,4
14270,12
14271,5
14272,1
14273,5
14274,5
14275,3
14276,0
14277,3
14278,9
14279,3
14280,14
14281,0
14282,14
14283,4
14284,5
14285,4
14286,6
14287,1
14288,1
14289,5
14290,4
14291,5
14292,1
14293,5
14294,10
14295,1
14296,4
14297,2
14298,9
14299,4
14300,4
14301,14
14302,4
14303,5
14304,9
14305,2
14306,4
14307,2
14308,4
14309,5
14310,11
14311,14
14312,4
14313,14
14314,8
14315,10
14316,5
14317,0
14318,0
14319,4
14320,14
14321,7
14322,6
14323,13
14324,1
14325,3
14326,4
14327,4
14328,0
14329,3
14330,10
14331,14
14332,4
14333,14
14334,5
14335,3
14336,1
14337,4
14338,8
14339,7
14340,1
14341,4
14342,2
14343,6
14344,0
14345,14
14346,8
14347,2
14348,6
14349,0
14350,3
14351,13
14352,8
14353,1
14354,14
14355,7
14356,1
14357,4
14358,0
14359,1
14360,3
14361,6
14362,7
14363,5
14364,1
14365,13
14366,9
14367,6
14368,2
14369,2
14370,8
14371,7
14372,8
14373,4
14374,2
14375,7
14376,4
14377,0
14378,1
14379,7
14380,7
14381,4
14382,4
14383,4
14384,10
14385,1
14386,2
14387,6
14388,14
14389,5
14390,8
14391,1
14392,2
14393,2
14394,2
14395,2
14396,2
14397,5
14398,5
14399,14
14400,11
14401,0
14402,5
14403,4
14404,1
14405,4
14406,14
14407,3
14408,7
14409,5
14410,1
14411,2
14412,14
14413,2
14414,0
14415,3
14416,1
14417,14
14418,11
14419,0
14420,4
14421,1
14422,0
14423,1
14424,14
14425,2
14426,5
14427,4
14428,10
14429,1
14430,1
14431,5
14432,8
14433,4
14434,13
14435,1
14436,6
14437,2
14438,5
14439,6
14440,6
14441,10
14442,12
14443,1
14444,2
14445,2
14446,2
14447,12
14448,7
14449,0
14450,5
14451,6
14452,0
14453,13
14454,14
14455,13
14456,7
14457,14
14458,2
14459,8
14460,14
14461,11
14462,13
14463,13
14464,2
14465,4
14466,5
14467,2
14468,5
14469,14
14470,2
14471,5
14472,10
14473,0
14474,12
14475,13
14476,4
14477,4
14478,8
14479,10
14480,8
14481,14
14482,14
14483,8
14484,1
14485,5
14486,0
14487,8
14488,7
14489,4
14490,2
14491,6
14492,4
14493,4
14494,4
14495,2
14496,14
14497,0
14498,8
14499,10
14500,8
14501,4
14502,14
14503,1
14504,4
14505,14
14506,7
14507,14
14508,8
14509,2
14510,4
14511,5
14512,1
14513,1
14514,14
14515,4
14516,7
14517,0
14518,8
14519,5
14520,6
14521,14
14522,11
14523,8
14524,5
14525,12
14526,8
14527,14
14528,2
14529,5
14530,7
14531,13
14532,9
14533,13
14534,7
14535,13
14536,5
14537,5
14538,0
14539,2
14540,4
14541,1
14542,14
14543,14
14544,1
14545,9
14546,4
14547,3
14548,12
14549,2
14550,4
14551,0
14552,5
14553,2
14554,5
14555,4
14556,2
14557,5
14558,2
14559,2
14560,14
14561,0
14562,10
14563,3
14564,4
14565,14
14566,7
14567,8
14568,3
14569,0
14570,14
14571,4
14572,2
14573,4
14574,10
14575,4
14576,8
14577,6
14578,6
14579,0
14580,12
14581,5
14582,14
14583,10
14584,3
14585,11
14586,5
14587,4
14588,10
14589,5
14590,13
14591,0
14592,3
14593,9
14594,11
14595,0
14596,2
14597,14
14598,10
14599,5
14600,13
14601,1
14602,4
14603,13
14604,14
14605,0
14606,5
14607,13
14608,8
14609,5
14610,5
14611,5
14612,4
14613,2
14614,6
14615,0
14616,6
14617,9
14618,14
14619,14
14620,13
14621,0
14622,6
14623,11
14624,4
14625,8
14626,5
14627,2
14628,8
14629,8
14630,8
14631,4
14632,1
14633,0
14634,9
14635,0
14636,8
14637,4
14638,10
14639,4
14640,14
14641,4
14642,5
14643,13
14644,4
14645,14
14646,5
14647,10
14648,6
14649,4
14650,2
14651,2
14652,6
14653,4
14654,14
14655,6
14656,7
14657,5
14658,11
14659,14
14660,4
14661,6
14662,11
14663,2
14664,0
14665,2
14666,7
14667,8
14668,8
14669,0
14670,4
14671,2
14672,4
14673,7
14674,1
14675,5
14676,8
14677,14
14678,5
14679,7
14680,5
14681,2
14682,7
14683,2
14684,1
14685,3
14686,7
14687,10
14688,14
14689,1
14690,0
14691,2
14692,12
14693,4
14694,14
14695,13
14696,1
14697,8
14698,2
14699,3
14700,2
14701,5
14702,0
14703,4
14704,0
14705,2
14706,2
14707,1
14708,3
14709,1
14710,1
14711,1
14712,4
14713,1
14714,8
14715,3
14716,6
14717,8
14718,8
14719,5
14720,4
14721,0
14722,7
14723,4
14724,5
14725,5
14726,3
14727,13
14728,8
14729,2
14730,8
14731,4
14732,7
14733,11
14734,0
14735,0
14736,4
14737,5
14738,2
14739,14
14740,7
14741,6
14742,10
14743,11
14744,2
14745,3
14746,2
14747,14
14748,5
14749,7
14750,11
14751,1
14752,3
14753,8
14754,9
14755,9
14756,12
14757,8
14758,12
14759,7
14760,0
14761,5
14762,2
14763,5
14764,10
14765,5
14766,2
14767,5
14768,0
14769,6
14770,4
14771,9
14772,10
14773,0
14774,2
14775,0
14776,5
14777,14
14778,1
14779,3
14780,8
14781,3
14782,1
14783,5
14784,1
14785,4
14786,0
14787,8
14788,5
14789,1
14790,13
14791,0
14792,2
14793,11
14794,10
14795,1
14796,4
14797,5
14798,10
14799,4
14800,7
14801,12
14802,1
14803,2
14804,1
14805,4
14806,2
14807,2
14808,5
14809,13
14810,1
14811,11
14812,5
14813,4
14814,0
14815,0
14816,8
14817,5
14818,8
14819,8
14820,14
14821,9
14822,1
14823,11
14824,14
14825,3
14826,2
14827,5
14828,0
14829,1
14830,4
14831,0
14832,13
14833,2
14834,0
14835,4
14836,5
14837,13
14838,0
14839,0
14840,2
14841,7
14842,2
14843,3
14844,5
14845,5
14846,0
14847,5
14848,14
14849,0
14850,14
14851,14
14852,1
14853,10
14854,5
14855,0
14856,0
14857,5
14858,8
14859,7
14860,6
14861,2
14862,8
14863,5
14864,3
14865,2
14866,8
14867,1
14868,5
14869,6
14870,11
14871,4
14872,2
14873,0
14874,11
14875,0
14876,11
14877,6
14878,8
14879,13
14880,4
14881,11
14882,1
14883,0
14884,0
14885,2
14886,4
14887,2
14888,8
14889,13
14890,14
14891,14
14892,8
14893,14
14894,1
14895,5
14896,14
14897,11
14898,8
14899,0
14900,0
14901,6
14902,11
14903,3
14904,0
14905,4
14906,3
14907,7
14908,4
14909,2
14910,2
14911,4
14912,7
14913,5
14914,2
14915,2
14916,2
14917,3
14918,0
14919,5
14920,10
14921,4
14922,1
14923,1
14924,1
14925,2
14926,3
14927,2
14928,1
14929,2
14930,6
14931,5
14932,7
14933,3
14934,12
14935,5
14936,11
14937,4
14938,0
14939,1
14940,7
14941,4
14942,11
14943,14
14944,2
14945,14
14946,4
14947,9
14948,4
14949,5
14950,4
14951,0
14952,4
14953,8
14954,2
14955,8
14956,4
14957,4
14958,7
14959,11
14960,8
14961,3
14962,8
14963,3
14964,14
14965,3
14966,9
14967,6
14968,14
14969,14
14970,0
14971,6
14972,8
14973,3
14974,0
14975,10
14976,7
14977,1
14978,14
14979,7
14980,3
14981,11
14982,4
14983,10
14984,10
14985,4
14986,2
14987,11
14988,0
14989,11
14990,0
14991,12
14992,4
14993,0
14994,4
14995,8
14996,5
14997,4
14998,14
14999,0
15000,11
15001,5
15002,5
15003,1
15004,6
15005,0
15006,5
15007,1
15008,6
15009,2
15010,4
15011,14
15012,0
15013,10
15014,2
15015,8
15016,2
15017,9
15018,2
15019,4
15020,0
15021,4
15022,4
15023,3
15024,0
15025,4
15026,13
15027,6
15028,10
15029,3
15030,3
15031,6
15032,10
15033,5
15034,6
15035,7
15036,4
15037,2
15038,0
15039,8
15040,1
15041,14
15042,14
15043,2
15044,4
15045,0
15046,0
15047,2
15048,14
15049,1
15050,7
15051,14
15052,12
15053,14
15054,7
15055,1
15056,0
15057,7
15058,1
15059,2
15060,6
15061,0
15062,8
15063,7
15064,2
15065,0
15066,2
15067,8
15068,5
15069,7
15070,1
15071,4
15072,6
15073,5
15074,14
15075,11
15076,10
15077,14
15078,10
15079,14
15080,7
15081,14
15082,11
15083,14
15084,5
15085,14
15086,12
15087,4
15088,4
15089,5
15090,13
15091,4
15092,8
15093,0
15094,5
15095,1
15096,8
15097,14
15098,5
15099,4
15100,4
15101,0
15102,2
15103,2
15104,4
15105,4
15106,4
15107,14
15108,12
15109,0
15110,1
15111,14
15112,10
15113,0
15114,4
15115,14
15116,8
15117,8
15118,5
15119,2
15120,3
15121,8
15122,9
15123,14
15124,8
15125,4
15126,1
15127,0
15128,3
15129,4
15130,1
15131,5
15132,0
15133,6
15134,8
15135,5
15136,13
15137,2
15138,2
15139,2
15140,1
15141,14
15142,4
15143,1
15144,2
15145,14
15146,9
15147,1
15148,0
15149,4
15150,2
15151,14
15152,2
15153,3
15154,10
15155,5
15156,2
15157,1
15158,8
15159,1
15160,1
15161,11
15162,2
15163,0
15164,0
15165,4
15166,2
15167,14
15168,0
15169,5
15170,9
15171,1
15172,11
15173,6
15174,12
15175,4
15176,5
15177,2
15178,0
15179,0
15180,1
15181,0
15182,6
15183,8
15184,3
15185,3
15186,0
15187,1
15188,6
15189,0
15190,5
15191,14
15192,8
15193,13
15194,4
15195,2
15196,1
15197,4
15198,4
15199,2
15200,8
15201,6
15202,7
15203,3
15204,7
15205,14
15206,6
15207,14
15208,4
15209,8
15210,4
15211,5
15212,14
15213,2
15214,13
15215,9
15216,10
15217,3
15218,3
15219,0
15220,10
15221,8
15222,5
15223,0
15224,9
15225,9
15226,9
15227,5
15228,5
15229,5
15230,0
15231,5
15232,14
15233,8
15234,14
15235,0
15236,5
15237,6
15238,5
15239,2
15240,14
15241,11
15242,1
15243,0
15244,14
15245,1
15246,13
15247,5
15248,4
15249,14
15250,9
15251,4
15252,0
15253,7
15254,1
15255,8
15256,1
15257,9
15258,1
15259,1
15260,4
15261,6
15262,14
15263,13
15264,0
15265,1
15266,7
15267,4
15268,5
15269,2
15270,9
15271,5
15272,1
15273,2
15274,2
15275,10
15276,2
15277,5
15278,4
15279,3
15280,9
15281,0
15282,4
15283,4
15284,11
15285,9
15286,1
15287,0
15288,7
15289,4
15290,0
15291,14
15292,5
15293,14
15294,0
15295,2
15296,10
15297,0
15298,4
15299,4
15300,13
15301,5
15302,11
15303,1
15304,0
15305,4
15306,5
15307,5
15308,1
15309,0
15310,14
15311,2
15312,5
15313,0
15314,1
15315,1
15316,3
15317,0
15318,12
15319,2
15320,4
15321,4
15322,11
15323,0
15324,11
15325,3
15326,1
15327,9
15328,0
15329,1
15330,2
15331,2
15332,12
15333,4
15334,2
15335,6
15336,5
15337,8
15338,7
15339,1
15340,12
15341,8
15342,4
15343,7
15344,0
15345,14
15346,14
15347,10
15348,5
15349,4
15350,14
15351,10
15352,4
15353,5
15354,8
15355,13
15356,4
15357,10
15358,3
15359,6
15360,2
15361,12
15362,2
15363,0
15364,4
15365,3
15366,5
15367,4
15368,6
15369,6
15370,5
15371,4
15372,0
15373,2
15374,8
15375,5
15376,11
15377,3
15378,13
15379,7
15380,4
15381,0
15382,7
15383,0
15384,0
15385,2
15386,7
15387,14
15388,0
15389,14
15390,0
15391,7
15392,13
15393,10
15394,0
15395,1
15396,0
15397,10
15398,4
15399,2
15400,9
15401,7
15402,2
15403,4
15404,0
15405,7
15406,3
15407,1
15408,3
15409,1
15410,4
15411,7
15412,1
15413,14
15414,8
15415,4
15416,1
15417,14
15418,3
15419,5
15420,2
15421,4
15422,4
15423,4
15424,4
15425,0
15426,1
15427,13
15428,4
15429,4
15430,4
15431,5
15432,7
15433,0
15434,4
15435,13
15436,5
15437,2
15438,5
15439,3
15440,2
15441,8
15442,14
15443,14
15444,3
15445,14
15446,1
15447,7
15448,13
15449,2
15450,6
15451,4
15452,7
15453,2
15454,4
15455,10
15456,6
15457,4
15458,2
15459,2
15460,14
15461,2
15462,6
15463,4
15464,6
15465,2
15466,10
15467,3
15468,5
15469,1
15470,6
15471,4
15472,4
15473,7
15474,3
15475,0
15476,0
15477,0
15478,5
15479,9
15480,4
15481,7
15482,1
15483,5
15484,8
15485,1
15486,5
15487,2
15488,2
15489,13
15490,1
15491,4
15492,1
15493,14
15494,0
15495,5
15496,5
15497,10
15498,0
15499,1
15500,0
15501,6
15502,0
15503,13
15504,13
15505,10
15506,7
15507,4
15508,6
15509,4
15510,12
15511,2
15512,4
15513,1
15514,14
15515,4
15516,2
15517,3
15518,4
15519,14
15520,4
15521,12
15522,1
15523,2
15524,11
15525,6
15526,4
15527,14
15528,0
15529,14
15530,4
15531,3
15532,13
15533,3
15534,4
15535,6
15536,2
15537,1
15538,2
15539,4
15540,14
15541,4
15542,13
15543,1
15544,4
15545,2
15546,9
15547,14
15548,2
15549,3
15550,4
15551,10
15552,13
15553,7
15554,4
15555,0
15556,0
15557,0
15558,1
15559,8
15560,3
15561,8
15562,6
15563,1
15564,4
15565,13
15566,3
15567,0
15568,7
15569,8
15570,4
15571,11
15572,0
15573,5
15574,4
15575,5
15576,0
15577,0
15578,0
15579,2
15580,1
15581,8
15582,2
15583,4
15584,5
15585,10
15586,4
15587,1
15588,2
15589,2
15590,1
15591,2
15592,7
15593,4
15594,2
15595,2
15596,13
15597,12
15598,3
15599,14
15600,14
15601,1
15602,5
15603,0
15604,0
15605,4
15606,0
15607,0
15608,4
15609,2
15610,1
15611,3
15612,14
15613,1
15614,14
15615,5
15616,1
15617,5
15618,2
15619,3
15620,4
15621,13
15622,6
15623,5
15624,7
15625,7
15626,1
15627,2
15628,8
15629,5
15630,4
15631,6
15632,6
15633,8
15634,14
15635,11
15636,2
15637,6
15638,3
15639,2
15640,14
15641,10
15642,5
15643,3
15644,4
15645,7
15646,5
15647,4
15648,11
15649,9
15650,7
15651,3
15652,13
15653,3
15654,14
15655,14
15656,4
15657,5
15658,1
15659,8
15660,4
15661,1
15662,0
15663,1
15664,1
15665,2
15666,0
15667,4
15668,2
15669,5
15670,4
15671,14
15672,5
15673,5
15674,10
15675,2
15676,14
15677,4
15678,1
15679,4
15680,5
15681,2
15682,1
15683,0
15684,14
15685,5
15686,14
15687,5
15688,7
15689,9
15690,0
15691,2
15692,13
15693,10
15694,0
15695,6
15696,1
15697,10
15698,5
15699,10
15700,5
15701,13
15702,5
15703,5
15704,4
15705,4
15706,1
15707,2
15708,8
15709,5
15710,4
15711,5
15712,10
15713,0
15714,1
15715,1
15716,14
15717,1
15718,8
15719,2
15720,8
15721,3
15722,5
15723,2
15724,5
15725,2
15726,9
15727,5
15728,6
15729,7
15730,2
15731,6
15732,14
15733,2
15734,14
15735,10
15736,13
15737,7
15738,1
15739,4
15740,4
15741,5
15742,2
15743,2
15744,4
15745,14
15746,5
15747,2
15748,5
15749,1
15750,3
15751,10
15752,7
15753,8
15754,0
15755,12
15756,4
15757,0
15758,8
15759,10
15760,8
15761,14
15762,11
15763,1
15764,5
15765,0
15766,14
15767,2
15768,7
15769,6
15770,1
15771,2
15772,10
15773,5
15774,10
15775,10
15776,10
15777,2
15778,4
15779,2
15780,13
15781,1
15782,4
15783,7
15784,2
15785,5
15786,3
15787,2
15788,4
15789,5
15790,1
15791,11
15792,0
15793,5
15794,4
15795,9
15796,0
15797,8
15798,8
15799,5
15800,4
15801,8
15802,0
15803,8
15804,3
15805,2
15806,5
15807,9
15808,4
15809,1
15810,10
15811,14
15812,4
15813,10
15814,2
15815,6
15816,4
15817,3
15818,14
15819,14
15820,7
15821,13
15822,1
15823,0
15824,3
15825,14
15826,2
15827,2
15828,1
15829,5
15830,14
15831,4
15832,4
15833,5
15834,3
15835,3
15836,4
15837,10
15838,9
15839,0
15840,8
15841,3
15842,8
15843,4
15844,14
15845,13
15846,8
15847,10
15848,7
15849,2
15850,1
15851,3
15852,8
15853,2
15854,7
15855,4
15856,14
15857,3
15858,3
15859,14
15860,4
15861,7
15862,1
15863,11
15864,9
15865,5
15866,10
15867,14
15868,4
15869,0
15870,2
15871,8
15872,5
15873,14
15874,6
15875,14
15876,3
15877,11
15878,0
15879,8
15880,8
15881,13
15882,0
15883,13
15884,7
15885,2
15886,4
15887,10
15888,14
15889,6
15890,0
15891,5
15892,7
15893,6
15894,14
15895,8
15896,3
15897,1
15898,4
15899,11
15900,0
15901,8
15902,9
15903,12
15904,11
15905,10
15906,13
15907,13
15908,11
15909,13
15910,4
15911,4
15912,13
15913,11
15914,5
15915,14
15916,0
15917,14
15918,0
15919,8
15920,8
15921,5
15922,11
15923,2
15924,0
15925,2
15926,0
15927,2
15928,2
15929,0
15930,14
15931,4
15932,13
15933,1
15934,14
15935,4
15936,8
15937,4
15938,0
15939,2
15940,10
15941,2
15942,0
15943,5
15944,12
15945,0
15946,14
15947,0
15948,3
15949,14
15950,3
15951,10
15952,2
15953,3
15954,5
15955,8
15956,7
15957,13
15958,4
15959,5
15960,6
15961,11
15962,6
15963,0
15964,8
15965,0
15966,0
15967,14
15968,6
15969,7
15970,8
15971,3
15972,14
15973,2
15974,5
15975,6
15976,4
15977,3
15978,4
15979,2
15980,14
15981,14
15982,7
15983,7
15984,2
15985,0
15986,10
15987,1
15988,1
15989,0
15990,11
15991,10
15992,1
15993,14
15994,13
15995,2
15996,2
15997,5
15998,8
15999,10
16000,3
16001,2
16002,5
16003,14
16004,5
16005,8
16006,4
16007,1
16008,14
16009,11
16010,6
16011,1
16012,5
16013,7
16014,14
16015,6
16016,5
16017,10
16018,5
16019,2
16020,5
16021,5
16022,2
16023,2
16024,14
16025,8
16026,10
16027,8
16028,0
16029,8
16030,1
16031,1
16032,4
16033,7
16034,4
16035,7
16036,3
16037,8
16038,5
16039,14
16040,4
16041,5
16042,3
16043,14
16044,5
16045,8
16046,8
16047,2
16048,8
16049,5
16050,2
16051,2
16052,6
16053,3
16054,7
16055,9
16056,4
16057,1
16058,1
16059,7
16060,2
16061,14
16062,5
16063,4
16064,6
16065,4
16066,1
16067,1
16068,8
16069,10
16070,5
16071,13
16072,2
16073,8
16074,1
16075,1
16076,4
16077,1
16078,14
16079,1
16080,8
16081,14
16082,8
16083,1
16084,14
16085,1
16086,13
16087,8
16088,6
16089,5
16090,0
16091,1
16092,4
16093,1
16094,9
16095,0
16096,13
16097,4
16098,1
16099,14
16100,0
16101,1
16102,0
16103,6
16104,2
16105,1
16106,5
16107,6
16108,7
16109,14
16110,5
16111,8
16112,7
16113,7
16114,2
16115,7
16116,14
16117,6
16118,1
16119,5
16120,0
16121,8
16122,13
16123,4
16124,4
16125,1
16126,4
16127,14
16128,4
16129,5
16130,4
16131,2
16132,5
16133,4
16134,4
16135,1
16136,13
16137,2
16138,8
16139,8
16140,14
16141,3
16142,2
16143,13
16144,7
16145,3
16146,6
16147,1
16148,0
16149,4
16150,4
16151,1
16152,8
16153,3
16154,3
16155,0
16156,14
16157,13
16158,0
16159,2
16160,0
16161,5
16162,7
16163,5
16164,3
16165,14
16166,2
16167,4
16168,14
16169,3
16170,11
16171,1
16172,5
16173,2
16174,11
16175,2
16176,8
16177,6
16178,4
16179,0
16180,2
16181,6
16182,0
16183,0
16184,7
16185,10
16186,4
16187,4
16188,5
16189,0
16190,1
16191,11
16192,10
16193,2
16194,6
16195,2
16196,14
16197,0
16198,11
16199,1
16200,14
16201,1
16202,1
16203,2
16204,0
16205,11
16206,5
16207,3
16208,8
16209,0
16210,0
16211,8
16212,2
16213,2
16214,0
16215,8
16216,2
16217,4
16218,14
16219,4
16220,4
16221,5
16222,8
16223,1
16224,8
16225,8
16226,8
16227,4
16228,4
16229,5
16230,4
16231,3
16232,5
16233,4
16234,2
16235,5
16236,2
16237,3
16238,6
16239,13
16240,1
16241,1
16242,4
16243,1
16244,2
16245,8
16246,14
16247,1
16248,14
16249,4
16250,3
16251,4
16252,14
16253,14
16254,2
16255,4
16256,4
16257,2
16258,9
16259,3
16260,0
16261,0
16262,5
16263,5
16264,10
16265,4
16266,1
16267,11
16268,12
16269,8
16270,8
16271,4
16272,7
16273,5
16274,0
16275,1
16276,2
16277,4
16278,8
16279,14
16280,0
16281,3
16282,6
16283,10
16284,14
16285,2
16286,3
16287,2
16288,0
16289,0
16290,0
16291,4
16292,7
16293,0
16294,8
16295,3
16296,2
16297,1
16298,2
16299,14
16300,9
16301,6
16302,4
16303,8
16304,6
16305,13
16306,14
16307,4
16308,2
16309,3
16310,4
16311,14
16312,14
16313,1
16314,5
16315,1
16316,1
16317,3
16318,9
16319,0
16320,4
16321,4
16322,0
16323,11
16324,2
16325,8
16326,1
16327,1
16328,5
16329,0
16330,0
16331,8
16332,0
16333,11
16334,4
16335,6
16336,11
16337,8
16338,7
16339,4
16340,2
16341,13
16342,5
16343,3
16344,11
16345,7
16346,1
16347,1
16348,4
16349,4
16350,1
16351,2
16352,0
16353,4
16354,3
16355,14
16356,7
16357,14
16358,2
16359,4
16360,3
16361,0
16362,0
16363,0
16364,4
16365,7
16366,14
16367,1
16368,8
16369,2
16370,7
16371,9
16372,7
16373,5
16374,0
16375,14
16376,13
16377,2
16378,5
16379,4
16380,8
16381,8
16382,14
16383,4
16384,2
16385,14
16386,5
16387,4
16388,9
16389,13
16390,1
16391,12
16392,0
16393,1
16394,8
16395,7
16396,13
16397,13
16398,5
16399,4
16400,5
16401,13
16402,14
16403,2
16404,8
16405,2
16406,2
16407,2
16408,14
16409,7
16410,4
16411,0
16412,2
16413,0
16414,0
16415,3
16416,6
16417,3
16418,5
16419,0
16420,5
16421,1
16422,3
16423,4
16424,10
16425,4
16426,4
16427,6
16428,1
16429,13
16430,4
16431,2
16432,2
16433,13
16434,8
16435,2
16436,4
16437,8
16438,11
16439,4
16440,14
16441,3
16442,0
16443,6
16444,1
16445,2
16446,0
16447,6
16448,2
16449,8
16450,1
16451,7
16452,1
16453,4
16454,14
16455,14
16456,2
16457,4
16458,5
16459,0
16460,5
16461,2
16462,2
16463,6
16464,9
16465,1
16466,7
16467,5
16468,14
16469,5
16470,1
16471,5
16472,14
16473,3
16474,5
16475,5
16476,4
16477,4
16478,4
16479,0
16480,8
16481,4
16482,11
16483,11
16484,7
16485,5
16486,2
16487,0
16488,7
16489,10
16490,4
16491,13
16492,13
16493,5
16494,2
16495,8
16496,8
16497,14
16498,7
16499,1
16500,1
16501,2
16502,4
16503,4
16504,5
16505,2
16506,0
16507,2
16508,2
16509,3
16510,0
16511,4
16512,0
16513,4
16514,2
16515,0
16516,5
16517,14
16518,8
16519,5
16520,5
16521,11
16522,14
16523,0
16524,1
16525,1
16526,8
16527,8
16528,5
16529,0
16530,9
16531,6
16532,7
16533,4
16534,2
16535,4
16536,6
16537,0
16538,14
16539,0
16540,2
16541,1
16542,3
16543,4
16544,0
16545,0
16546,2
16547,1
16548,3
16549,0
16550,0
16551,4
16552,2
16553,5
16554,0
16555,5
16556,5
16557,2
16558,6
16559,4
16560,8
16561,4
16562,3
16563,0
16564,1
16565,2
16566,10
16567,2
16568,13
16569,11
16570,8
16571,2
16572,11
16573,6
16574,14
16575,10
16576,4
16577,2
16578,10
16579,4
16580,11
16581,1
16582,5
16583,6
16584,5
16585,10
16586,3
16587,6
16588,1
16589,7
16590,0
16591,3
16592,7
16593,1
16594,8
16595,6
16596,4
16597,8
16598,6
16599,10
16600,7
16601,3
16602,5
16603,13
16604,14
16605,0
16606,2
16607,4
16608,0
16609,1
16610,8
16611,4
16612,14
16613,0
16614,2
16615,0
16616,1
16617,3
16618,8
16619,2
16620,5
16621,5
16622,6
16623,14
16624,1
16625,4
16626,1
16627,3
16628,14
16629,5
16630,0
16631,0
16632,9
16633,1
16634,7
16635,5
16636,13
16637,0
16638,10
16639,0
16640,5
16641,8
16642,2
16643,8
16644,1
16645,2
16646,13
16647,2
16648,11
16649,7
16650,1
16651,1
16652,4
16653,5
16654,1
16655,7
16656,0
16657,2
16658,0
16659,6
16660,14
16661,4
16662,13
16663,5
16664,0
16665,14
16666,6
16667,7
16668,2
16669,2
16670,13
16671,0
16672,0
16673,0
16674,14
16675,14
16676,13
16677,10
16678,4
16679,14
16680,0
16681,13
16682,14
16683,2
16684,1
16685,3
16686,4
16687,6
16688,1
16689,10
16690,0
16691,8
16692,8
16693,8
16694,1
16695,2
16696,0
16697,1
16698,11
16699,2
16700,12
16701,1
16702,0
16703,4
16704,4
16705,13
16706,12
16707,1
16708,0
16709,0
16710,10
16711,2
16712,4
16713,14
16714,1
16715,14
16716,13
16717,2
16718,5
16719,5
16720,0
16721,4
16722,0
16723,4
16724,0
16725,0
16726,3
16727,0
16728,8
16729,0
16730,5
16731,10
16732,10
16733,1
16734,14
16735,14
16736,0
16737,8
16738,14
16739,7
16740,1
16741,4
16742,4
16743,4
16744,5
16745,4
16746,4
16747,5
16748,5
16749,11
16750,9
16751,2
16752,5
16753,12
16754,14
16755,4
16756,14
16757,0
16758,4
16759,4
16760,2
16761,14
16762,11
16763,1
16764,4
16765,14
16766,0
16767,2
16768,0
16769,14
16770,0
16771,8
16772,11
16773,14
16774,7
16775,1
16776,4
16777,0
16778,8
16779,4
16780,2
16781,2
16782,0
16783,11
16784,8
16785,14
16786,0
16787,4
16788,8
16789,2
16790,8
16791,14
16792,10
16793,5
16794,4
16795,11
16796,11
16797,11
16798,10
16799,8
16800,14
16801,4
16802,10
16803,6
16804,11
16805,8
16806,0
16807,4
16808,8
16809,9
16810,0
16811,11
16812,2
16813,1
16814,6
16815,0
16816,13
16817,1
16818,7
16819,2
16820,8
16821,14
16822,14
16823,2
16824,2
16825,2
16826,11
16827,5
16828,0
16829,2
16830,1
16831,4
16832,7
16833,0
16834,1
16835,9
16836,8
16837,0
16838,0
16839,5
16840,2
16841,5
16842,14
16843,5
16844,4
16845,5
16846,5
16847,14
16848,5
16849,8
16850,4
16851,14
16852,8
16853,7
16854,9
16855,6
16856,2
16857,8
16858,5
16859,5
16860,5
16861,8
16862,0
16863,4
16864,7
16865,3
16866,2
16867,14
16868,2
16869,1
16870,14
16871,2
16872,1
16873,13
16874,0
16875,0
16876,7
16877,6
16878,3
16879,14
16880,2
16881,6
16882,14
16883,1
16884,8
16885,13
16886,4
16887,4
16888,0
16889,6
16890,0
16891,8
16892,8
16893,8
16894,8
16895,8
16896,5
16897,14
16898,8
16899,2
16900,1
16901,0
16902,1
16903,7
16904,14
16905,14
16906,2
16907,1
16908,4
16909,5
16910,0
16911,0
16912,1
16913,8
16914,14
16915,6
16916,3
16917,13
16918,0
16919,14
16920,14
16921,4
16922,8
16923,5
16924,4
16925,10
16926,0
16927,4
16928,2
16929,14
16930,14
16931,1
16932,5
16933,4
16934,13
16935,8
16936,8
16937,6
16938,2
16939,14
16940,4
16941,8
16942,5
16943,8
16944,5
16945,3
16946,8
16947,7
16948,6
16949,10
16950,8
16951,4
16952,10
16953,2
16954,2
16955,0
16956,5
16957,0
16958,2
16959,4
16960,1
16961,4
16962,9
16963,1
16964,4
16965,2
16966,14
16967,1
16968,5
16969,8
16970,4
16971,8
16972,6
16973,14
16974,5
16975,0
16976,0
16977,3
16978,0
16979,0
16980,0
16981,13
16982,2
16983,8
16984,14
16985,4
16986,8
16987,8
16988,13
16989,2
16990,13
16991,13
16992,4
16993,8
16994,4
16995,8
16996,14
16997,11
16998,4
16999,14
17000,10
17001,1
17002,5
17003,2
17004,5
17005,0
17006,13
17007,2
17008,1
17009,2
17010,11
17011,14
17012,14
17013,14
17014,5
17015,3
17016,4
17017,0
17018,0
17019,5
17020,2
17021,14
17022,1
17023,6
17024,14
17025,3
17026,4
17027,4
17028,10
17029,0
17030,0
17031,5
17032,0
17033,4
17034,6
17035,14
17036,5
17037,14
17038,0
17039,9
17040,4
17041,4
17042,11
17043,5
17044,0
17045,14
17046,6
17047,5
17048,1
17049,0
17050,4
17051,9
17052,13
17053,0
17054,2
17055,6
17056,1
17057,14
17058,6
17059,0
17060,3
17061,14
17062,5
17063,5
17064,0
17065,2
17066,6
17067,0
17068,9
17069,2
17070,14
17071,3
17072,2
17073,5
17074,10
17075,14
17076,8
17077,4
17078,2
17079,1
17080,0
17081,14
17082,10
17083,5
17084,0
17085,10
17086,3
17087,12
17088,8
17089,5
17090,0
17091,5
17092,14
17093,8
17094,5
17095,13
17096,1
17097,8
17098,2
17099,10
17100,10
17101,0
17102,4
17103,2
17104,3
17105,0
17106,10
17107,14
17108,6
17109,1
17110,5
17111,3
17112,10
17113,0
17114,1
17115,2
17116,8
17117,6
17118,5
17119,2
17120,2
17121,10
17122,14
17123,2
17124,5
17125,8
17126,4
17127,0
17128,7
17129,0
17130,14
17131,1
17132,2
17133,7
17134,13
17135,5
17136,0
17137,5
17138,4
17139,14
17140,2
17141,2
17142,5
17143,6
17144,10
17145,10
17146,0
17147,5
17148,1
17149,14
17150,13
17151,5
17152,1
17153,10
17154,8
17155,14
17156,10
17157,2
17158,3
17159,4
17160,14
17161,14
17162,2
17163,8
17164,3
17165,10
17166,6
17167,2
17168,11
17169,4
17170,4
17171,0
17172,3
17173,6
17174,1
17175,4
17176,4
17177,5
17178,4
17179,7
17180,0
17181,8
17182,13
17183,1
17184,9
17185,13
17186,2
17187,1
17188,12
17189,14
17190,10
17191,8
17192,8
17193,1
17194,4
17195,3
17196,4
17197,9
17198,3
17199,5
17200,2
17201,2
17202,4
17203,4
17204,14
17205,2
17206,5
17207,8
17208,4
17209,0
17210,2
17211,2
17212,4
17213,0
17214,5
17215,14
17216,11
17217,0
17218,6
17219,4
17220,7
17221,2
17222,6
17223,4
17224,4
17225,2
17226,1
17227,4
17228,6
17229,6
17230,4
17231,8
17232,4
17233,0
17234,14
17235,5
17236,6
17237,2
17238,3
17239,10
17240,4
17241,5
17242,1
17243,7
17244,13
17245,5
17246,5
17247,4
17248,2
17249,14
17250,3
17251,5
17252,14
17253,5
17254,0
17255,10
17256,4
17257,6
17258,6
17259,6
17260,5
17261,2
17262,0
17263,7
17264,0
17265,5
17266,7
17267,1
17268,14
17269,2
17270,11
17271,8
17272,13
17273,8
17274,8
17275,8
17276,1
17277,6
17278,13
17279,10
17280,11
17281,2
17282,8
17283,4
17284,4
17285,10
17286,3
17287,8
17288,0
17289,2
17290,4
17291,5
17292,6
17293,4
17294,6
17295,8
17296,0
17297,11
17298,1
17299,0
17300,5
17301,5
17302,4
17303,14
17304,4
17305,8
17306,5
17307,10
17308,0
17309,4
17310,2
17311,14
17312,1
17313,5
17314,2
17315,12
17316,8
17317,10
17318,8
17319,2
17320,0
17321,8
17322,8
17323,1
17324,4
17325,2
17326,14
17327,9
17328,12
17329,4
17330,14
17331,4
17332,6
17333,2
17334,8
17335,4
17336,4
17337,13
17338,5
17339,4
17340,5
17341,0
17342,10
17343,14
17344,6
17345,11
17346,8
17347,1
17348,14
17349,4
17350,13
17351,2
17352,14
17353,10
17354,11
17355,4
17356,5
17357,6
17358,8
17359,2
17360,0
17361,3
17362,0
17363,2
17364,14
17365,2
17366,0
17367,8
17368,6
17369,8
17370,0
17371,2
17372,2
17373,3
17374,8
17375,11
17376,1
17377,2
17378,2
17379,2
17380,14
17381,11
17382,6
17383,2
17384,7
17385,2
17386,0
17387,10
17388,7
17389,4
17390,1
17391,14
17392,13
17393,14
17394,8
17395,11
17396,14
17397,7
17398,0
17399,6
17400,5
17401,14
17402,5
17403,10
17404,0
17405,14
17406,5
17407,1
17408,4
17409,1
17410,4
17411,2
17412,8
17413,6
17414,3
17415,14
17416,14
17417,0
17418,8
17419,5
17420,14
17421,1
17422,0
17423,6
17424,4
17425,5
17426,13
17427,2
17428,0
17429,8
17430,12
17431,2
17432,7
17433,8
17434,1
17435,14
17436,0
17437,4
17438,1
17439,7
17440,13
17441,5
17442,2
17443,13
17444,8
17445,0
17446,6
17447,13
17448,4
17449,0
17450,5
17451,14
17452,1
17453,0
17454,4
17455,0
17456,5
17457,9
17458,13
17459,4
17460,13
17461,8
17462,0
17463,5
17464,6
17465,1
17466,8
17467,12
17468,0
17469,14
17470,14
17471,7
17472,5
17473,11
17474,1
17475,7
17476,2
17477,4
17478,11
17479,14
17480,8
17481,4
17482,4
17483,4
17484,4
17485,0
17486,1
17487,2
17488,1
17489,1
17490,8
17491,11
17492,4
17493,4
17494,2
17495,0
17496,4
17497,8
17498,11
17499,0
17500,6
17501,6
17502,10
17503,11
17504,12
17505,11
17506,8
17507,10
17508,4
17509,5
17510,11
17511,2
17512,4
17513,2
17514,8
17515,14
17516,1
17517,2
17518,1
17519,2
17520,14
17521,6
17522,4
17523,7
17524,2
17525,14
17526,2
17527,1
17528,9
17529,12
17530,4
17531,14
17532,6
17533,6
17534,4
17535,0
17536,2
17537,1
17538,5
17539,1
17540,4
17541,13
17542,14
17543,13
17544,1
17545,13
17546,14
17547,4
17548,4
17549,12
17550,4
17551,1
17552,6
17553,0
17554,0
17555,5
17556,2
17557,8
17558,9
17559,0
17560,4
17561,10
17562,7
17563,12
17564,4
17565,1
17566,10
17567,6
17568,2
17569,0
17570,1
17571,14
17572,2
17573,2
17574,8
17575,0
17576,5
17577,8
17578,7
17579,6
17580,2
17581,9
17582,12
17583,9
17584,7
17585,3
17586,4
17587,8
17588,6
17589,10
17590,0
17591,0
17592,6
17593,0
17594,0
17595,2
17596,7
17597,13
17598,2
17599,14
17600,9
17601,2
17602,4
17603,4
17604,6
17605,8
17606,0
17607,1
17608,9
17609,0
17610,14
17611,11
17612,2
17613,13
17614,2
17615,2
17616,0
17617,8
17618,1
17619,5
17620,14
17621,9
17622,4
17623,14
17624,1
17625,6
17626,13
17627,2
17628,3
17629,3
17630,14
17631,4
17632,4
17633,8
17634,8
17635,14
17636,0
17637,0
17638,8
17639,5
17640,1
17641,0
17642,1
17643,1
17644,0
17645,14
17646,0
17647,4
17648,5
17649,6
17650,6
17651,7
17652,5
17653,5
17654,14
17655,14
17656,0
17657,5
17658,5
17659,11
17660,2
17661,3
17662,5
17663,4
17664,3
17665,2
17666,4
17667,2
17668,4
17669,4
17670,7
17671,14
17672,1
17673,0
17674,10
17675,6
17676,2
17677,0
17678,2
17679,5
17680,4
17681,2
17682,5
17683,3
17684,0
17685,4
17686,14
17687,8
17688,2
17689,8
17690,8
17691,5
17692,13
17693,1
17694,1
17695,0
17696,10
17697,4
17698,0
17699,0
17700,11
17701,5
17702,5
17703,10
17704,2
17705,8
17706,7
17707,2
17708,8
17709,5
17710,1
17711,9
17712,1
17713,13
17714,5
17715,4
17716,1
17717,0
17718,8
17719,11
17720,8
17721,7
17722,0
17723,0
17724,2
17725,14
17726,2
17727,7
17728,1
17729,1
17730,14
17731,2
17732,10
17733,13
17734,7
17735,5
17736,8
17737,5
17738,14
17739,5
17740,14
17741,4
17742,5
17743,5
17744,5
17745,5
17746,3
17747,11
17748,2
17749,6
17750,13
17751,8
17752,2
17753,1
17754,0
17755,14
17756,7
17757,2
17758,3
17759,0
17760,1
17761,8
17762,4
17763,4
17764,2
17765,11
17766,9
17767,11
17768,14
17769,4
17770,14
17771,2
17772,14
17773,4
17774,7
17775,14
17776,5
17777,0
17778,8
17779,14
17780,9
17781,3
17782,14
17783,4
17784,0
17785,9
17786,6
17787,14
17788,13
17789,2
17790,2
17791,1
17792,1
17793,8
17794,2
17795,12
17796,11
17797,0
17798,2
17799,7
17800,7
17801,1
17802,4
17803,11
17804,1
17805,2
17806,13
17807,13
17808,2
17809,1
17810,0
17811,4
17812,1
17813,14
17814,0
17815,1
17816,2
17817,3
17818,2
17819,5
17820,6
17821,13
17822,13
17823,4
17824,2
17825,0
17826,2
17827,10
17828,10
17829,7
17830,4
17831,8
17832,2
17833,11
17834,14
17835,4
17836,11
17837,1
17838,1
17839,2
17840,5
17841,0
17842,1
17843,14
17844,3
17845,2
17846,2
17847,10
17848,13
17849,0
17850,8
17851,2
17852,7
17853,2
17854,2
17855,12
17856,3
17857,0
17858,2
17859,5
17860,14
17861,8
17862,14
17863,7
17864,8
17865,2
17866,13
17867,1
17868,4
17869,0
17870,14
17871,10
17872,1
17873,7
17874,8
17875,11
17876,8
17877,7
17878,4
17879,7
17880,6
17881,8
17882,4
17883,13
17884,3
17885,9
17886,1
17887,5
17888,8
17889,3
17890,6
17891,0
17892,0
17893,0
17894,5
17895,9
17896,1
17897,3
17898,4
17899,10
17900,2
17901,6
17902,14
17903,8
17904,4
17905,4
17906,4
17907,11
17908,4
17909,13
17910,0
17911,4
17912,2
17913,8
17914,7
17915,14
17916,2
17917,7
17918,4
17919,3
17920,4
17921,1
17922,0
17923,1
17924,1
17925,7
17926,3
17927,2
17928,4
17929,13
17930,8
17931,4
17932,7
17933,1
17934,5
17935,8
17936,2
17937,0
17938,0
17939,13
17940,10
17941,2
17942,5
17943,13
17944,2
17945,5
17946,0
17947,0
17948,8
17949,1
17950,13
17951,11
17952,14
17953,3
17954,0
17955,10
17956,8
17957,8
17958,5
17959,13
17960,0
17961,5
17962,7
17963,1
17964,7
17965,2
17966,5
17967,7
17968,14
17969,4
17970,14
17971,1
17972,1
17973,10
17974,4
17975,2
17976,5
17977,0
17978,4
17979,2
17980,14
17981,4
17982,5
17983,4
17984,1
17985,5
17986,6
17987,2
17988,1
17989,2
17990,8
17991,14
17992,4
17993,14
17994,5
17995,1
17996,5
17997,9
17998,4
17999,13
18000,2
18001,2
18002,3
18003,0
18004,0
18005,0
18006,3
18007,7
18008,6
18009,9
18010,5
18011,0
18012,7
18013,5
18014,8
18015,14
18016,4
18017,1
18018,4
18019,5
18020,8
18021,6
18022,0
18023,2
18024,14
18025,8
18026,5
18027,9
18028,4
18029,1
18030,14
18031,11
18032,4
18033,14
18034,3
18035,9
18036,4
18037,1
18038,10
18039,14
18040,8
18041,2
18042,6
18043,2
18044,1
18045,9
18046,2
18047,6
18048,0
18049,7
18050,6
18051,2
18052,8
18053,4
18054,4
18055,2
18056,9
18057,0
18058,1
18059,5
18060,5
18061,7
18062,14
18063,0
18064,2
18065,5
18066,4
18067,2
18068,0
18069,2
18070,13
18071,1
18072,0
18073,1
18074,7
18075,14
18076,4
18077,2
18078,2
18079,7
18080,1
18081,1
18082,3
18083,8
18084,4
18085,4
18086,5
18087,5
18088,6
18089,8
18090,14
18091,0
18092,0
18093,0
18094,14
18095,5
18096,2
18097,4
18098,8
18099,4
18100,2
18101,4
18102,6
18103,4
18104,14
18105,5
18106,10
18107,0
18108,9
18109,13
18110,4
18111,10
18112,8
18113,2
18114,0
18115,0
18116,7
18117,3
18118,4
18119,6
18120,4
18121,5
18122,10
18123,1
18124,5
18125,4
18126,0
18127,7
18128,2
18129,4
18130,2
18131,5
18132,5
18133,14
18134,9
18135,1
18136,0
18137,4
18138,1
18139,4
18140,1
18141,2
18142,0
18143,9
18144,2
18145,1
18146,1
18147,2
18148,2
18149,3
18150,7
18151,1
18152,11
18153,13
18154,9
18155,5
18156,6
18157,5
18158,2
18159,4
18160,4
18161,5
18162,6
18163,5
18164,2
18165,1
18166,2
18167,14
18168,0
18169,13
18170,4
18171,8
18172,2
18173,3
18174,2
18175,8
18176,0
18177,14
18178,8
18179,8
18180,0
18181,0
18182,13
18183,10
18184,4
18185,0
18186,2
18187,5
18188,5
18189,7
18190,7
18191,10
18192,9
18193,1
18194,0
18195,6
18196,2
18197,8
18198,14
18199,2
18200,0
18201,6
18202,2
18203,6
18204,10
18205,3
18206,4
18207,14
18208,5
18209,6
18210,9
18211,3
18212,14
18213,0
18214,0
18215,5
18216,14
18217,1
18218,0
18219,5
18220,4
18221,4
18222,4
18223,8
18224,8
18225,13
18226,1
18227,9
18228,10
18229,4
18230,4
18231,12
18232,1
18233,5
18234,6
18235,7
18236,4
18237,1
18238,0
18239,0
18240,6
18241,1
18242,0
18243,3
18244,2
18245,6
18246,10
18247,1
18248,0
18249,14
18250,7
18251,2
18252,8
18253,8
18254,6
18255,4
18256,8
18257,10
18258,7
18259,2
18260,0
18261,14
18262,5
18263,8
18264,5
18265,2
18266,7
18267,1
18268,4
18269,2
18270,8
18271,0
18272,4
18273,1
18274,6
18275,2
18276,12
18277,0
18278,0
18279,1
18280,2
18281,14
18282,6
18283,10
18284,10
18285,4
18286,1
18287,4
18288,4
18289,5
18290,6
18291,4
18292,4
18293,4
18294,9
18295,2
18296,1
18297,2
18298,5
18299,14
18300,6
18301,2
18302,2
18303,4
18304,4
18305,10
18306,8
18307,0
18308,5
18309,5
18310,3
18311,6
18312,4
18313,13
18314,0
18315,14
18316,10
18317,5
18318,1
18319,9
18320,8
18321,11
18322,8
18323,0
18324,7
18325,3
18326,1
18327,13
18328,8
18329,14
18330,7
18331,5
18332,14
18333,13
18334,3
18335,13
18336,13
18337,2
18338,14
18339,6
18340,5
18341,7
18342,10
18343,14
18344,6
18345,2
18346,4
18347,3
18348,1
18349,0
18350,6
18351,10
18352,8
18353,5
18354,8
18355,2
18356,1
18357,10
18358,7
18359,4
18360,8
18361,1
18362,3
18363,5
18364,3
18365,10
18366,0
18367,5
18368,0
18369,9
18370,8
18371,10
18372,6
18373,2
18374,1
18375,1
18376,8
18377,2
18378,0
18379,13
18380,4
18381,0
18382,0
18383,7
18384,8
18385,4
18386,14
18387,0
18388,14
18389,2
18390,2
18391,13
18392,14
18393,6
18394,5
18395,5
18396,14
18397,0
18398,1
18399,8
18400,14
18401,14
18402,3
18403,0
18404,13
18405,1
18406,5
18407,0
18408,9
18409,6
18410,14
18411,4
18412,4
18413,1
18414,0
18415,0
18416,2
18417,4
18418,14
18419,8
18420,0
18421,0
18422,5
18423,6
18424,3
18425,2
18426,1
18427,1
18428,2
18429,8
18430,5
18431,13
18432,0
18433,8
18434,2
18435,5
18436,1
18437,4
18438,14
18439,8
18440,0
18441,14
18442,10
18443,14
18444,1
18445,8
18446,0
18447,0
18448,7
18449,14
18450,4
18451,6
18452,8
18453,6
18454,6
18455,1
18456,2
18457,5
18458,3
18459,9
18460,14
18461,1
18462,5
18463,10
18464,8
18465,14
18466,10
18467,6
18468,1
18469,14
18470,5
18471,2
18472,10
18473,13
18474,14
18475,3
18476,13
18477,14
18478,11
18479,14
18480,7
18481,4
18482,14
18483,0
18484,5
18485,13
18486,6
18487,1
18488,0
18489,3
18490,7
18491,1
18492,1
18493,1
18494,1
18495,4
18496,5
18497,8
18498,1
18499,4
18500,5
18501,2
18502,5
18503,5
18504,6
18505,2
18506,14
18507,0
18508,11
18509,11
18510,14
18511,8
18512,0
18513,14
18514,2
18515,1
18516,4
18517,0
18518,6
18519,5
18520,14
18521,0
18522,2
18523,6
18524,2
18525,0
18526,14
18527,14
18528,14
18529,14
18530,5
18531,5
18532,6
18533,2
18534,1
18535,3
18536,4
18537,4
18538,5
18539,14
18540,0
18541,0
18542,3
18543,0
18544,2
18545,4
18546,8
18547,0
18548,2
18549,0
18550,11
18551,1
18552,0
18553,14
18554,4
18555,4
18556,13
18557,5
18558,0
18559,6
18560,1
18561,6
18562,0
18563,2
18564,8
18565,14
18566,8
18567,3
18568,7
18569,4
18570,10
18571,0
18572,1
18573,2
18574,14
18575,11
18576,4
18577,1
18578,8
18579,5
18580,2
18581,3
18582,0
18583,1
18584,14
18585,0
18586,0
18587,6
18588,3
18589,11
18590,8
18591,8
18592,2
18593,13
18594,6
18595,6
18596,2
18597,13
18598,4
18599,10
18600,7
18601,0
18602,7
18603,14
18604,0
18605,0
18606,0
18607,14
18608,2
18609,8
18610,4
18611,1
18612,2
18613,4
18614,8
18615,13
18616,2
18617,14
18618,5
18619,3
18620,13
18621,11
18622,8
18623,4
18624,4
18625,1
18626,14
18627,0
18628,1
18629,4
18630,11
18631,14
18632,4
18633,10
18634,0
18635,10
18636,1
18637,5
18638,14
18639,0
18640,4
18641,7
18642,13
18643,4
18644,0
18645,1
18646,14
18647,12
18648,8
18649,4
18650,8
18651,3
18652,14
18653,8
18654,4
18655,4
18656,0
18657,1
18658,8
18659,5
18660,8
18661,1
18662,0
18663,14
18664,5
18665,1
18666,6
18667,6
18668,0
18669,0
18670,5
18671,5
18672,12
18673,2
18674,14
18675,8
18676,13
18677,9
18678,14
18679,2
18680,6
18681,0
18682,2
18683,5
18684,4
18685,8
18686,14
18687,3
18688,4
18689,14
18690,2
18691,1
18692,13
18693,4
18694,6
18695,3
18696,8
18697,0
18698,4
18699,2
18700,1
18701,7
18702,7
18703,0
18704,2
18705,5
18706,7
18707,13
18708,14
18709,5
18710,3
18711,6
18712,4
18713,0
18714,6
18715,2
18716,0
18717,2
18718,0
18719,4
18720,1
18721,2
18722,13
18723,13
18724,4
18725,13
18726,1
18727,14
18728,5
18729,1
18730,7
18731,2
18732,1
18733,14
18734,11
18735,2
18736,0
18737,2
18738,4
18739,1
18740,2
18741,5
18742,0
18743,6
18744,2
18745,14
18746,5
18747,2
18748,6
18749,5
18750,9
18751,3
18752,2
18753,11
18754,8
18755,2
18756,4
18757,1
18758,13
18759,2
18760,2
18761,3
18762,5
18763,7
18764,4
18765,8
18766,4
18767,8
18768,14
18769,4
18770,13
18771,2
18772,2
18773,0
18774,14
18775,13
18776,4
18777,6
18778,1
18779,4
18780,4
18781,14
18782,13
18783,6
18784,2
18785,6
18786,6
18787,2
18788,14
18789,4
18790,13
18791,8
18792,0
18793,13
18794,0
18795,6
18796,5
18797,4
18798,14
18799,10
18800,14
18801,9
18802,0
18803,5
18804,8
18805,8
18806,2
18807,14
18808,1
18809,2
18810,11
18811,1
18812,7
18813,0
18814,2
18815,3
18816,2
18817,1
18818,8
18819,0
18820,6
18821,2
18822,3
18823,2
18824,10
18825,13
18826,6
18827,2
18828,9
18829,8
18830,14
18831,1
18832,6
18833,2
18834,1
18835,13
18836,5
18837,2
18838,13
18839,3
18840,8
18841,7
18842,1
18843,0
18844,5
18845,5
18846,14
18847,4
18848,2
18849,4
18850,8
18851,6
18852,4
18853,2
18854,10
18855,2
18856,4
18857,8
18858,13
18859,1
18860,0
18861,1
18862,0
18863,5
18864,6
18865,10
18866,7
18867,5
18868,3
18869,13
18870,4
18871,7
18872,0
18873,3
18874,14
18875,6
18876,8
18877,13
18878,5
18879,6
18880,4
18881,1
18882,10
18883,13
18884,0
18885,4
18886,5
18887,9
18888,14
18889,0
18890,0
18891,13
18892,5
18893,4
18894,0
18895,8
18896,4
18897,5
18898,14
18899,3
18900,6
18901,0
18902,14
18903,9
18904,1
18905,0
18906,8
18907,0
18908,6
18909,0
18910,5
18911,7
18912,10
18913,4
18914,8
18915,3
18916,2
18917,4
18918,9
18919,8
18920,8
18921,7
18922,4
18923,8
18924,13
18925,8
18926,8
18927,8
18928,5
18929,4
18930,4
18931,1
18932,2
18933,4
18934,1
18935,5
18936,8
18937,9
18938,2
18939,5
18940,1
18941,1
18942,8
18943,5
18944,10
18945,10
18946,10
18947,10
18948,13
18949,14
18950,5
18951,1
18952,4
18953,7
18954,8
18955,4
18956,2
18957,8
18958,10
18959,2
18960,7
18961,2
18962,2
18963,2
18964,4
18965,5
18966,3
18967,5
18968,0
18969,6
18970,6
18971,8
18972,4
18973,2
18974,5
18975,3
18976,1
18977,5
18978,5
18979,13
18980,4
18981,2
18982,13
18983,8
18984,1
18985,2
18986,8
18987,2
18988,2
18989,1
18990,0
18991,5
18992,0
18993,2
18994,8
18995,11
18996,2
18997,3
18998,6
18999,14
19000,0
19001,6
19002,6
19003,2
19004,8
19005,2
19006,8
19007,5
19008,0
19009,0
19010,8
19011,8
19012,2
19013,4
19014,13
19015,7
19016,5
19017,5
19018,2
19019,6
19020,14
19021,1
19022,14
19023,2
19024,8
19025,9
19026,1
19027,5
19028,0
19029,0
19030,13
19031,14
19032,1
19033,14
19034,2
19035,2
19036,2
19037,4
19038,3
19039,1
19040,4
19041,5
19042,8
19043,3
19044,5
19045,9
19046,0
19047,6
19048,13
19049,0
19050,4
19051,1
19052,0
19053,5
19054,0
19055,2
19056,14
19057,4
19058,1
19059,9
19060,3
19061,8
19062,14
19063,1
19064,14
19065,9
19066,6
19067,10
19068,2
19069,14
19070,14
19071,3
19072,14
19073,1
19074,6
19075,5
19076,2
19077,9
19078,10
19079,1
19080,7
19081,2
19082,6
19083,4
19084,9
19085,4
19086,7
19087,2
19088,5
19089,2
19090,14
19091,4
19092,14
19093,8
19094,2
19095,8
19096,3
19097,1
19098,4
19099,3
19100,6
19101,3
19102,0
19103,6
19104,1
19105,3
19106,5
19107,7
19108,4
19109,14
19110,11
19111,1
19112,7
19113,8
19114,2
19115,14
19116,1
19117,5
19118,8
19119,8
19120,4
19121,0
19122,1
19123,4
19124,1
19125,14
19126,8
19127,3
19128,0
19129,1
19130,2
19131,4
19132,7
19133,0
19134,5
19135,4
19136,0
19137,11
19138,5
19139,1
19140,9
19141,7
19142,5
19143,1
19144,0
19145,0
19146,0
19147,5
19148,7
19149,13
19150,13
19151,2
19152,14
19153,2
19154,14
19155,8
19156,5
19157,0
19158,8
19159,4
19160,3
19161,10
19162,4
19163,4
19164,0
19165,2
19166,14
19167,8
19168,5
19169,0
19170,4
19171,14
19172,0
19173,4
19174,0
19175,10
19176,14
19177,5
19178,11
19179,1
19180,2
19181,0
19182,10
19183,0
19184,5
19185,13
19186,1
19187,5
19188,1
19189,14
19190,5
19191,7
19192,2
19193,5
19194,14
19195,13
19196,0
19197,13
19198,2
19199,14
19200,1
19201,13
19202,0
19203,5
19204,10
19205,12
19206,10
19207,4
19208,7
19209,6
19210,11
19211,0
19212,0
19213,1
19214,8
19215,6
19216,0
19217,2
19218,3
19219,1
19220,5
19221,8
19222,0
19223,5
19224,7
19225,4
19226,8
19227,4
19228,1
19229,2
19230,0
19231,0
19232,10
19233,14
19234,4
19235,9
19236,1
19237,2
19238,4
19239,10
19240,13
19241,10
19242,5
19243,3
19244,0
19245,0
19246,2
19247,5
19248,1
19249,0
19250,1
19251,1
19252,13
19253,9
19254,5
19255,6
19256,4
19257,5
19258,4
19259,11
19260,0
19261,4
19262,4
19263,2
19264,14
19265,4
19266,2
19267,8
19268,14
19269,11
19270,4
19271,9
19272,13
19273,0
19274,9
19275,3
19276,2
19277,2
19278,14
19279,9
19280,5
19281,8
19282,4
19283,8
19284,3
19285,7
19286,12
19287,14
19288,5
19289,8
19290,10
19291,13
19292,2
19293,5
19294,14
19295,0
19296,14
19297,9
19298,10
19299,13
19300,2
19301,0
19302,0
19303,5
19304,8
19305,2
19306,14
19307,9
19308,14
19309,10
19310,4
19311,14
19312,2
19313,0
19314,0
19315,5
19316,8
19317,2
19318,8
19319,7
19320,11
19321,0
19322,0
19323,6
19324,7
19325,9
19326,8
19327,14
19328,0
19329,7
19330,7
19331,0
19332,0
19333,4
19334,7
19335,6
19336,0
19337,3
19338,1
19339,5
19340,4
19341,0
19342,5
19343,5
19344,0
19345,4
19346,0
19347,8
19348,8
19349,5
19350,6
19351,9
19352,10
19353,0
19354,1
19355,2
19356,0
19357,14
19358,1
19359,5
19360,14
19361,1
19362,0
19363,5
19364,2
19365,13
19366,0
19367,1
19368,3
19369,8
19370,6
19371,0
19372,2
19373,1
19374,14
19375,2
19376,10
19377,5
19378,6
19379,10
19380,5
19381,6
19382,14
19383,4
19384,10
19385,14
19386,0
19387,4
19388,1
19389,7
19390,4
19391,2
19392,1
19393,14
19394,4
19395,3
19396,2
19397,10
19398,5
19399,6
19400,11
19401,4
19402,5
19403,1
19404,8
19405,14
19406,4
19407,7
19408,0
19409,7
19410,0
19411,3
19412,4
19413,3
19414,10
19415,4
19416,4
19417,9
19418,9
19419,0
19420,10
19421,5
19422,3
19423,7
19424,2
19425,8
19426,10
19427,8
19428,2
19429,10
19430,8
19431,10
19432,1
19433,14
19434,2
19435,5
19436,5
19437,11
19438,10
19439,0
19440,5
19441,5
19442,9
19443,3
19444,10
19445,12
19446,8
19447,4
19448,4
19449,4
19450,5
19451,0
19452,2
19453,2
19454,2
19455,7
19456,3
19457,0
19458,0
19459,12
19460,2
19461,14
19462,6
19463,4
19464,5
19465,7
19466,14
19467,14
19468,3
19469,2
19470,1
19471,14
19472,9
19473,5
19474,13
19475,12
19476,7
19477,0
19478,3
19479,14
19480,14
19481,2
19482,14
19483,2
19484,14
19485,7
19486,2
19487,5
19488,10
19489,14
19490,6
19491,2
19492,5
19493,10
19494,12
19495,4
19496,4
19497,14
19498,14
19499,5
19500,6
19501,9
19502,1
19503,6
19504,4
19505,6
19506,6
19507,6
19508,4
19509,14
19510,9
19511,11
19512,14
19513,13
19514,2
19515,2
19516,13
19517,4
19518,10
19519,10
19520,13
19521,6
19522,0
19523,11
19524,13
19525,0
19526,5
19527,4
19528,1
19529,2
19530,0
19531,1
19532,14
19533,10
19534,2
19535,0
19536,13
19537,8
19538,2
19539,5
19540,8
19541,3
19542,8
19543,0
19544,14
19545,2
19546,2
19547,0
19548,0
19549,11
19550,11
19551,4
19552,8
19553,0
19554,1
19555,14
19556,5
19557,4
19558,2
19559,4
19560,6
19561,4
19562,8
19563,14
19564,12
19565,14
19566,0
19567,3
19568,1
19569,0
19570,10
19571,5
19572,0
19573,0
19574,2
19575,6
19576,5
19577,9
19578,4
19579,14
19580,8
19581,2
19582,0
19583,2
19584,1
19585,1
19586,1
19587,10
19588,5
19589,3
19590,3
19591,7
19592,5
19593,6
19594,2
19595,1
19596,0
19597,7
19598,8
19599,14
19600,5
19601,13
19602,1
19603,0
19604,13
19605,0
19606,1
19607,10
19608,4
19609,4
19610,2
19611,14
19612,1
19613,8
19614,0
19615,2
19616,12
19617,4
19618,0
19619,2
19620,14
19621,0
19622,14
19623,1
19624,4
19625,4
19626,3
19627,4
19628,4
19629,4
19630,4
19631,14
19632,7
19633,9
19634,13
19635,14
19636,1
19637,14
19638,5
19639,1
19640,2
19641,1
19642,6
19643,5
19644,2
19645,11
19646,4
19647,3
19648,5
19649,1
19650,14
19651,6
19652,2
19653,5
19654,2
19655,14
19656,12
19657,4
19658,8
19659,14
19660,14
19661,4
19662,5
19663,7
19664,8
19665,0
19666,3
19667,8
19668,10
19669,2
19670,1
19671,2
19672,0
19673,3
19674,0
19675,0
19676,11
19677,5
19678,4
19679,1
19680,14
19681,4
19682,13
19683,9
19684,0
19685,8
19686,7
19687,10
19688,1
19689,2
19690,14
19691,8
19692,13
19693,4
19694,8
19695,7
19696,14
19697,1
19698,5
19699,13
19700,2
19701,1
19702,4
19703,8
19704,7
19705,2
19706,5
19707,0
19708,1
19709,11
19710,5
19711,3
19712,5
19713,5
19714,13
19715,0
19716,5
19717,2
19718,8
19719,4
19720,5
19721,2
19722,2
19723,8
19724,2
19725,3
19726,8
19727,8
19728,14
19729,5
19730,14
19731,4
19732,6
19733,2
19734,8
19735,5
19736,14
19737,5
19738,5
19739,4
19740,8
19741,7
19742,8
19743,7
19744,4
19745,5
19746,12
19747,0
19748,5
19749,8
19750,7
19751,4
19752,2
19753,1
19754,14
19755,0
19756,12
19757,5
19758,14
19759,0
19760,3
19761,13
19762,0
19763,9
19764,3
19765,4
19766,9
19767,0
19768,11
19769,5
19770,1
19771,3
19772,0
19773,14
19774,4
19775,1
19776,0
19777,4
19778,14
19779,7
19780,13
19781,6
19782,8
19783,4
19784,9
19785,1
19786,8
19787,9
19788,13
19789,8
19790,5
19791,10
19792,1
19793,4
19794,4
19795,10
19796,0
19797,8
19798,6
19799,6
19800,9
19801,2
19802,4
19803,1
19804,14
19805,7
19806,5
19807,1
19808,4
19809,5
19810,13
19811,13
19812,5
19813,14
19814,7
19815,4
19816,0
19817,14
19818,0
19819,10
19820,1
19821,0
19822,8
19823,0
19824,14
19825,0
19826,0
19827,1
19828,8
19829,13
19830,5
19831,1
19832,14
19833,1
19834,5
19835,14
19836,5
19837,1
19838,11
19839,4
19840,5
19841,14
19842,11
19843,7
19844,11
19845,5
19846,4
19847,2
19848,0
19849,6
19850,0
19851,14
19852,14
19853,10
19854,11
19855,2
19856,1
19857,4
19858,1
19859,0
19860,14
19861,5
19862,3
19863,0
19864,0
19865,13
19866,2
19867,3
19868,5
19869,4
19870,4
19871,8
19872,3
19873,14
19874,1
19875,5
19876,0
19877,14
19878,4
19879,0
19880,0
19881,14
19882,8
19883,13
19884,9
19885,5
19886,8
19887,2
19888,2
19889,0
19890,12
19891,6
19892,14
19893,2
19894,0
19895,1
19896,13
19897,7
19898,5
19899,0
19900,2
19901,11
19902,2
19903,2
19904,5
19905,13
19906,2
19907,9
19908,13
19909,0
19910,2
19911,7
19912,4
19913,11
19914,14
19915,3
19916,3
19917,4
19918,4
19919,14
19920,0
19921,14
19922,11
19923,6
19924,14
19925,10
19926,14
19927,1
19928,14
19929,13
19930,5
19931,13
19932,8
19933,2
19934,5
19935,4
19936,9
19937,4
19938,12
19939,4
19940,4
19941,5
19942,4
19943,4
19944,5
19945,1
19946,6
19947,13
19948,13
19949,5
19950,7
19951,0
19952,2
19953,2
19954,5
19955,2
19956,14
19957,1
19958,0
19959,9
19960,14
19961,6
19962,7
19963,5
19964,8
19965,8
19966,5
19967,1
19968,2
19969,5
19970,0
19971,7
19972,1
19973,12
19974,3
19975,14
19976,8
19977,5
19978,3
19979,5
19980,4
19981,4
19982,1
19983,0
19984,5
19985,10
19986,4
19987,14
19988,8
19989,0
19990,1
19991,10
19992,8
19993,2
19994,5
19995,9
19996,1
19997,1
19998,7
19999,8
20000,1
20001,0
20002,9
20003,2
20004,2
20005,5
20006,8
20007,5
20008,11
20009,14
20010,5
20011,1
20012,1
20013,5
20014,4
20015,0
20016,11
20017,10
20018,5
20019,7
20020,0
20021,7
20022,3
20023,2
20024,1
20025,5
20026,14
20027,5
20028,13
20029,5
20030,7
20031,14
20032,5
20033,2
20034,10
20035,5
20036,14
20037,13
20038,1
20039,5
20040,2
20041,6
20042,3
20043,8
20044,14
20045,1
20046,13
20047,2
20048,4
20049,14
20050,0
20051,1
20052,5
20053,13
20054,5
20055,7
20056,1
20057,4
20058,4
20059,4
20060,1
20061,3
20062,14
20063,0
20064,5
20065,4
20066,4
20067,14
20068,4
20069,2
20070,4
20071,4
20072,2
20073,13
20074,3
20075,14
20076,5
20077,6
20078,6
20079,4
20080,14
20081,7
20082,10
20083,14
20084,1
20085,4
20086,9
20087,1
20088,14
20089,4
20090,8
20091,2
20092,4
20093,10
20094,13
20095,4
20096,0
20097,2
20098,14
20099,9
20100,14
20101,0
20102,3
20103,11
20104,5
20105,1
20106,6
20107,14
20108,2
20109,4
20110,4
20111,14
20112,7
20113,7
20114,1
20115,4
20116,8
20117,8
20118,2
20119,14
20120,5
20121,2
20122,1
20123,6
20124,10
20125,6
20126,7
20127,4
20128,10
20129,14
20130,13
20131,4
20132,4
20133,5
20134,8
20135,10
20136,8
20137,4
20138,0
20139,0
20140,4
20141,1
20142,13
20143,4
20144,14
20145,10
20146,3
20147,8
20148,7
20149,0
20150,1
20151,4
20152,14
20153,5
20154,5
20155,10
20156,2
20157,2
20158,14
20159,14
20160,14
20161,1
20162,4
20163,0
20164,1
20165,4
20166,0
20167,0
20168,5
20169,1
20170,8
20171,8
20172,5
20173,3
20174,7
20175,1
20176,9
20177,5
20178,0
20179,14
20180,11
20181,11
20182,1
20183,7
20184,8
20185,5
20186,8
20187,7
20188,14
20189,10
20190,4
20191,0
20192,10
20193,6
20194,1
20195,1
20196,0
20197,10
20198,0
20199,8
20200,6
20201,14
20202,2
20203,2
20204,9
20205,0
20206,4
20207,8
20208,5
20209,6
20210,4
20211,10
20212,4
20213,5
20214,5
20215,4
20216,7
20217,5
20218,4
20219,13
20220,3
20221,1
20222,2
20223,4
20224,4
20225,5
20226,14
20227,2
20228,13
20229,0
20230,8
20231,1
20232,6
20233,5
20234,5
20235,2
20236,2
20237,1
20238,8
20239,10
20240,4
20241,2
20242,5
20243,7
20244,2
20245,9
20246,5
20247,10
20248,2
20249,5
20250,3
20251,1
20252,6
20253,1
20254,4
20255,2
20256,0
20257,9
20258,5
20259,11
20260,3
20261,8
20262,2
20263,14
20264,8
20265,11
20266,7
20267,2
20268,14
20269,8
20270,13
20271,9
20272,0
20273,7
20274,14
20275,12
20276,0
20277,6
20278,1
20279,5
20280,5
20281,1
20282,1
20283,4
20284,1
20285,4
20286,6
20287,14
20288,11
20289,4
20290,6
20291,5
20292,10
20293,4
20294,9
20295,4
20296,5
20297,5
20298,1
20299,14
20300,2
20301,7
20302,2
20303,8
20304,1
20305,0
20306,6
20307,0
20308,0
20309,12
20310,8
20311,6
20312,13
20313,5
20314,2
20315,4
20316,7
20317,6
20318,6
20319,2
20320,13
20321,4
20322,4
20323,2
20324,0
20325,5
20326,5
20327,7
20328,7
20329,9
20330,13
20331,8
20332,3
20333,2
20334,1
20335,5
20336,4
20337,2
20338,1
20339,8
20340,8
20341,2
20342,0
20343,8
20344,4
20345,6
20346,1
20347,8
20348,5
20349,2
20350,7
20351,14
20352,14
20353,14
20354,7
20355,6
20356,8
20357,2
20358,10
20359,0
20360,5
20361,0
20362,3
20363,6
20364,4
20365,1
20366,14
20367,8
20368,8
20369,13
20370,2
20371,0
20372,14
20373,7
20374,2
20375,13
20376,6
20377,0
20378,1
20379,2
20380,13
20381,4
20382,8
20383,14
20384,6
20385,4
20386,5
20387,13
20388,14
20389,1
20390,11
20391,1
20392,0
20393,6
20394,6
20395,8
20396,7
20397,9
20398,13
20399,4
20400,1
20401,4
20402,7
20403,3
20404,1
20405,1
20406,13
20407,6
20408,1
20409,3
20410,14
20411,4
20412,4
20413,4
20414,7
20415,14
20416,10
20417,1
20418,5
20419,4
20420,4
20421,8
20422,9
20423,3
20424,5
20425,5
20426,0
20427,4
20428,4
20429,3
20430,1
20431,5
20432,1
20433,14
20434,7
20435,3
20436,1
20437,1
20438,8
20439,4
20440,0
20441,13
20442,5
20443,13
20444,2
20445,5
20446,14
20447,1
20448,4
20449,7
20450,4
20451,3
20452,5
20453,5
20454,0
20455,4
20456,10
20457,9
20458,6
20459,4
20460,4
20461,2
20462,8
20463,13
20464,5
20465,2
20466,8
20467,2
20468,5
20469,7
20470,4
20471,14
20472,3
20473,2
20474,5
20475,1
20476,4
20477,5
20478,4
20479,5
20480,5
20481,6
20482,8
20483,14
20484,5
20485,3
20486,5
20487,5
20488,5
20489,4
20490,13
20491,3
20492,4
20493,0
20494,0
20495,5
20496,0
20497,4
20498,7
20499,2
20500,0
20501,4
20502,0
20503,5
20504,9
20505,1
20506,4
20507,14
20508,0
20509,5
20510,13
20511,7
20512,3
20513,14
20514,10
20515,4
20516,4
20517,7
20518,2
20519,4
20520,14
20521,8
20522,8
20523,1
20524,2
20525,7
20526,5
20527,8
20528,4
20529,1
20530,0
20531,2
20532,4
20533,4
20534,1
20535,10
20536,0
20537,8
20538,6
20539,4
20540,8
20541,3
20542,1
20543,14
20544,14
20545,5
20546,2
20547,8
20548,7
20549,14
20550,4
20551,4
20552,8
20553,0
20554,6
20555,5
20556,1
20557,4
20558,6
20559,12
20560,7
20561,3
20562,13
20563,2
20564,1
20565,7
20566,11
20567,10
20568,0
20569,2
20570,4
20571,4
20572,8
20573,14
20574,14
20575,6
20576,5
20577,12
20578,4
20579,1
20580,2
20581,14
20582,2
20583,2
20584,0
20585,1
20586,2
20587,0
20588,7
20589,6
20590,9
20591,1
20592,0
20593,5
20594,9
20595,14
20596,8
20597,0
20598,3
20599,2
20600,14
20601,4
20602,2
20603,2
20604,13
20605,0
20606,4
20607,1
20608,5
20609,2
20610,4
20611,13
20612,2
20613,4
20614,14
20615,4
20616,4
20617,14
20618,1
20619,13
20620,4
20621,4
20622,1
20623,6
20624,8
20625,1
20626,2
20627,14
20628,0
20629,5
20630,1
20631,5
20632,7
20633,3
20634,6
20635,10
20636,5
20637,0
20638,2
20639,13
20640,9
20641,8
20642,4
20643,0
20644,6
20645,11
20646,10
20647,14
20648,4
20649,6
20650,7
20651,2
20652,5
20653,5
20654,13
20655,5
20656,14
20657,14
20658,14
20659,2
20660,5
20661,9
20662,1
20663,4
20664,4
20665,2
20666,7
20667,14
20668,8
20669,13
20670,11
20671,0
20672,6
20673,4
20674,4
20675,2
20676,5
20677,0
20678,5
20679,4
20680,8
20681,0
20682,2
20683,3
20684,0
20685,6
20686,9
20687,14
20688,9
20689,0
20690,1
20691,0
20692,10
20693,0
20694,4
20695,5
20696,4
20697,5
20698,3
20699,0
20700,5
20701,7
20702,13
20703,5
20704,3
20705,5
20706,3
20707,2
20708,7
20709,0
20710,4
20711,6
20712,8
20713,10
20714,14
20715,0
20716,10
20717,5
20718,2
20719,12
20720,2
20721,4
20722,8
20723,2
20724,13
20725,0
20726,8
20727,5
20728,5
20729,7
20730,0
20731,5
20732,10
20733,14
20734,1
20735,5
20736,1
20737,3
20738,0
20739,2
20740,7
20741,14
20742,14
20743,4
20744,0
20745,2
20746,13
20747,14
20748,10
20749,2
20750,11
20751,4
20752,2
20753,1
20754,2
20755,2
20756,11
20757,14
20758,14
20759,4
20760,10
20761,4
20762,2
20763,14
20764,10
20765,4
20766,0
20767,11
20768,14
20769,4
20770,13
20771,4
20772,7
20773,4
20774,5
20775,4
20776,1
20777,13
20778,5
20779,0
20780,4
20781,8
20782,0
20783,10
20784,2
20785,5
20786,4
20787,4
20788,0
20789,13
20790,5
20791,1
20792,0
20793,8
20794,4
20795,8
20796,14
20797,4
20798,5
20799,10
20800,8
20801,8
20802,1
20803,4
20804,0
20805,4
20806,4
20807,1
20808,9
20809,11
20810,11
20811,2
20812,8
20813,9
20814,14
20815,6
20816,1
20817,5
20818,4
20819,5
20820,2
20821,2
20822,1
20823,13
20824,9
20825,8
20826,13
20827,8
20828,4
20829,4
20830,6
20831,3
20832,0
20833,0
20834,1
20835,14
20836,14
20837,6
20838,5
20839,3
20840,11
20841,11
20842,5
20843,0
20844,4
20845,1
20846,10
20847,6
20848,5
20849,14
20850,14
20851,14
20852,0
20853,5
20854,4
20855,0
20856,0
20857,10
20858,14
20859,0
20860,1
20861,5
20862,2
20863,0
20864,8
20865,13
20866,4
20867,3
20868,1
20869,2
20870,3
20871,2
20872,2
20873,14
20874,1
20875,2
20876,5
20877,3
20878,10
20879,14
20880,1
20881,0
20882,9
20883,8
20884,2
20885,1
20886,4
20887,7
20888,8
20889,5
20890,5
20891,5
20892,14
20893,7
20894,2
20895,4
20896,14
20897,4
20898,5
20899,3
20900,4
20901,7
20902,7
20903,14
20904,14
20905,7
20906,1
20907,2
20908,14
20909,5
20910,13
20911,0
20912,7
20913,2
20914,5
20915,5
20916,5
20917,0
20918,0
20919,0
20920,10
20921,2
20922,13
20923,7
20924,1
20925,7
20926,8
20927,4
20928,2
20929,5
20930,12
20931,3
20932,8
20933,2
20934,8
20935,3
20936,8
20937,0
20938,0
20939,6
20940,6
20941,0
20942,4
20943,4
20944,7
20945,7
20946,1
20947,0
20948,4
20949,14
20950,9
20951,14
20952,0
20953,0
20954,8
20955,14
20956,2
20957,3
20958,13
20959,1
20960,3
20961,5
20962,5
20963,3
20964,5
20965,8
20966,13
20967,7
20968,6
20969,2
20970,7
20971,9
20972,2
20973,3
20974,2
20975,0
20976,7
20977,4
20978,1
20979,14
20980,1
20981,6
20982,13
20983,5
20984,14
20985,9
20986,1
20987,1
20988,8
20989,2
20990,14
20991,4
20992,4
20993,4
20994,2
20995,0
20996,5
20997,6
20998,10
20999,3
21000,3
21001,0
21002,4
21003,0
21004,11
21005,4
21006,14
21007,4
21008,8
21009,1
21010,5
21011,8
21012,6
21013,7
21014,0
21015,5
21016,13
21017,4
21018,1
21019,1
21020,10
21021,5
21022,1
21023,4
21024,6
21025,3
21026,13
21027,14
21028,13
21029,4
21030,10
21031,8
21032,14
21033,0
21034,14
21035,0
21036,6
21037,8
21038,14
21039,4
21040,0
21041,14
21042,0
21043,1
21044,4
21045,14
21046,4
21047,4
21048,2
21049,2
21050,2
21051,8
21052,2
21053,4
21054,5
21055,4
21056,4
21057,4
21058,1
21059,1
21060,2
21061,3
21062,11
21063,11
21064,6
21065,4
21066,10
21067,5
21068,2
21069,2
21070,2
21071,3
21072,4
21073,2
21074,4
21075,8
21076,14
21077,14
21078,2
21079,2
21080,1
21081,4
21082,3
21083,10
21084,14
21085,5
21086,7
21087,5
21088,1
21089,2
21090,1
21091,7
21092,14
21093,3
21094,10
21095,8
21096,5
21097,14
21098,11
21099,1
21100,14
21101,11
21102,14
21103,8
21104,0
21105,0
21106,0
21107,14
21108,4
21109,0
21110,8
21111,9
21112,5
21113,3
21114,5
21115,1
21116,1
21117,4
21118,8
21119,11
21120,13
21121,6
21122,5
21123,3
21124,4
21125,14
21126,9
21127,1
21128,3
21129,6
21130,2
21131,14
21132,2
21133,0
21134,4
21135,8
21136,0
21137,0
21138,9
21139,4
21140,4
21141,5
21142,1
21143,6
21144,5
21145,5
21146,8
21147,9
21148,2
21149,0
21150,14
21151,4
21152,2
21153,5
21154,14
21155,14
21156,6
21157,4
21158,6
21159,8
21160,13
21161,5
21162,5
21163,11
21164,0
21165,10
21166,8
21167,5
21168,14
21169,0
21170,4
21171,6
21172,0
21173,1
21174,2
21175,11
21176,7
21177,5
21178,9
21179,5
21180,4
21181,8
21182,0
21183,1
21184,0
21185,6
21186,9
21187,11
21188,2
21189,0
21190,4
21191,2
21192,14
21193,3
21194,14
21195,3
21196,2
21197,1
21198,8
21199,4
21200,4
21201,7
21202,7
21203,14
21204,8
21205,12
21206,1
21207,2
21208,9
21209,8
21210,4
21211,5
21212,14
21213,5
21214,11
21215,0
21216,12
21217,11
21218,14
21219,2
21220,4
21221,2
21222,13
21223,1
21224,4
21225,4
21226,4
21227,1
21228,1
21229,14
21230,2
21231,2
21232,14
21233,1
21234,2
21235,4
21236,7
21237,0
21238,2
21239,3
21240,0
21241,5
21242,5
21243,5
21244,1
21245,0
21246,13
21247,1
21248,13
21249,8
21250,0
21251,14
21252,3
21253,1
21254,13
21255,5
21256,5
21257,13
21258,9
21259,8
21260,3
21261,14
21262,5
21263,6
21264,2
21265,6
21266,2
21267,2
21268,0
21269,12
21270,5
21271,5
21272,14
21273,5
21274,5
21275,4
21276,0
21277,2
21278,5
21279,2
21280,9
21281,4
21282,2
21283,2
21284,14
21285,10
21286,14
21287,13
21288,1
21289,1
21290,14
21291,5
21292,0
21293,0
21294,4
21295,8
21296,5
21297,8
21298,13
21299,3
21300,7
21301,14
21302,11
21303,1
21304,14
21305,0
21306,11
21307,10
21308,11
21309,10
21310,0
21311,13
21312,4
21313,8
21314,5
21315,2
21316,2
21317,7
21318,5
21319,0
21320,8
21321,3
21322,13
21323,3
21324,12
21325,8
21326,8
21327,14
21328,4
21329,14
21330,0
21331,5
21332,4
21333,7
21334,13
21335,5
21336,0
21337,1
21338,6
21339,11
21340,1
21341,8
21342,6
21343,13
21344,14
21345,7
21346,0
21347,8
21348,6
21349,4
21350,14
21351,4
21352,14
21353,2
21354,7
21355,11
21356,14
21357,0
21358,0
21359,1
21360,1
21361,1
21362,6
21363,1
21364,2
21365,5
21366,7
21367,1
21368,7
21369,8
21370,14
21371,7
21372,7
21373,2
21374,1
21375,0
21376,0
21377,5
21378,1
21379,2
21380,10
21381,2
21382,6
21383,13
21384,7
21385,4
21386,2
21387,4
21388,4
21389,1
21390,5
21391,5
21392,2
21393,10
21394,13
21395,0
21396,4
21397,5
21398,1
21399,0
21400,5
21401,2
21402,6
21403,14
21404,4
21405,2
21406,4
21407,2
21408,2
21409,4
21410,14
21411,3
21412,0
21413,14
21414,5
21415,8
21416,9
21417,2
21418,6
21419,4
21420,14
21421,2
21422,9
21423,9
21424,4
21425,13
21426,11
21427,1
21428,14
21429,2
21430,2
21431,6
21432,7
21433,0
21434,4
21435,4
21436,10
21437,11
21438,7
21439,1
21440,9
21441,6
21442,4
21443,7
21444,5
21445,4
21446,0
21447,13
21448,6
21449,0
21450,5
21451,9
21452,14
21453,5
21454,5
21455,2
21456,9
21457,8
21458,5
21459,0
21460,2
21461,12
21462,14
21463,1
21464,0
21465,6
21466,9
21467,14
21468,4
21469,0
21470,5
21471,3
21472,10
21473,4
21474,0
21475,6
21476,7
21477,13
21478,1
21479,14
21480,6
21481,7
21482,14
21483,8
21484,1
21485,4
21486,8
21487,4
21488,0
21489,1
21490,1
21491,0
21492,7
21493,7
21494,0
21495,13
21496,4
21497,14
21498,3
21499,0
21500,0
21501,1
21502,7
21503,1
21504,14
21505,1
21506,14
21507,11
21508,7
21509,5
21510,12
21511,14
21512,14
21513,7
21514,1
21515,2
21516,4
21517,4
21518,5
21519,0
21520,2
21521,14
21522,5
21523,14
21524,0
21525,1
21526,5
21527,0
21528,2
21529,1
21530,13
21531,12
21532,2
21533,3
21534,1
21535,7
21536,1
21537,11
21538,4
21539,5
21540,1
21541,8
21542,4
21543,0
21544,5
21545,2
21546,13
21547,1
21548,7
21549,2
21550,8
21551,7
21552,14
21553,12
21554,8
21555,1
21556,1
21557,1
21558,4
21559,11
21560,5
21561,2
21562,4
21563,11
21564,4
21565,1
21566,3
21567,4
21568,4
21569,13
21570,10
21571,5
21572,2
21573,3
21574,4
21575,14
21576,5
21577,14
21578,12
21579,11
21580,10
21581,6
21582,13
21583,14
21584,9
21585,2
21586,7
21587,11
21588,4
21589,4
21590,2
21591,3
21592,2
21593,4
21594,4
21595,1
21596,14
21597,14
21598,4
21599,13
21600,1
21601,1
21602,6
21603,2
21604,4
21605,8
21606,1
21607,5
21608,9
21609,8
21610,0
21611,1
21612,4
21613,0
21614,5
21615,0
21616,11
21617,9
21618,3
21619,0
21620,5
21621,8
21622,8
21623,4
21624,5
21625,2
21626,2
21627,2
21628,14
21629,1
21630,5
21631,1
21632,6
21633,4
21634,5
21635,8
21636,8
21637,14
21638,2
21639,1
21640,8
21641,13
21642,0
21643,8
21644,10
21645,5
21646,6
21647,2
21648,14
21649,1
21650,2
21651,14
21652,5
21653,7
21654,4
21655,5
21656,5
21657,11
21658,0
21659,4
21660,8
21661,3
21662,4
21663,8
21664,2
21665,0
21666,2
21667,6
21668,5
21669,1
21670,2
21671,7
21672,2
21673,0
21674,10
21675,4
21676,4
21677,5
21678,14
21679,2
21680,0
21681,4
21682,7
21683,9
21684,0
21685,3
21686,10
21687,5
21688,5
21689,10
21690,10
21691,1
21692,0
21693,7
21694,14
21695,0
21696,2
21697,3
21698,13
21699,6
21700,5
21701,9
21702,0
21703,14
21704,10
21705,4
21706,5
21707,6
21708,0
21709,1
21710,2
21711,14
21712,4
21713,0
21714,0
21715,13
21716,14
21717,2
21718,5
21719,8
21720,4
21721,2
21722,1
21723,0
21724,14
21725,0
21726,10
21727,14
21728,4
21729,0
21730,5
21731,4
21732,4
21733,4
21734,4
21735,1
21736,8
21737,0
21738,0
21739,2
21740,13
21741,14
21742,14
21743,1
21744,4
21745,5
21746,2
21747,4
21748,4
21749,13
21750,1
21751,1
21752,4
21753,13
21754,2
21755,14
21756,10
21757,14
21758,5
21759,1
21760,5
21761,3
21762,10
21763,13
21764,7
21765,13
21766,8
21767,14
21768,4
21769,14
21770,1
21771,9
21772,0
21773,2
21774,10
21775,5
21776,7
21777,5
21778,4
21779,3
21780,3
21781,5
21782,14
21783,1
21784,9
21785,4
21786,4
21787,1
21788,1
21789,14
21790,9
21791,13
21792,10
21793,1
21794,6
21795,2
21796,4
21797,2
21798,5
21799,10
21800,8
21801,8
21802,6
21803,2
21804,2
21805,0
21806,4
21807,1
21808,6
21809,2
21810,0
21811,5
21812,1
21813,2
21814,5
21815,6
21816,3
21817,2
21818,9
21819,0
21820,0
21821,2
21822,2
21823,1
21824,13
21825,6
21826,2
21827,14
21828,1
21829,0
21830,3
21831,2
21832,8
21833,0
21834,0
21835,5
21836,5
21837,5
21838,8
21839,14
21840,10
21841,2
21842,3
21843,0
21844,1
21845,9
21846,4
21847,1
21848,5
21849,1
21850,1
21851,7
21852,9
21853,2
21854,10
21855,13
21856,5
21857,14
21858,5
21859,1
21860,11
21861,14
21862,8
21863,8
21864,11
21865,5
21866,3
21867,4
21868,4
21869,4
21870,14
21871,2
21872,5
21873,11
21874,5
21875,1
21876,4
21877,6
21878,4
21879,7
21880,2
21881,1
21882,0
21883,1
21884,0
21885,5
21886,14
21887,5
21888,0
21889,2
21890,0
21891,8
21892,3
21893,14
21894,3
21895,7
21896,4
21897,4
21898,2
21899,14
21900,0
21901,14
21902,2
21903,13
21904,7
21905,1
21906,0
21907,10
21908,3
21909,6
21910,1
21911,0
21912,4
21913,2
21914,5
21915,2
21916,12
21917,3
21918,10
21919,4
21920,12
21921,0
21922,5
21923,9
21924,2
21925,4
21926,2
21927,1
21928,5
21929,4
21930,13
21931,5
21932,0
21933,4
21934,0
21935,5
21936,6
21937,11
21938,2
21939,2
21940,0
21941,2
21942,5
21943,2
21944,1
21945,1
21946,10
21947,5
21948,14
21949,2
21950,10
21951,10
21952,7
21953,4
21954,0
21955,3
21956,1
21957,6
21958,14
21959,14
21960,5
21961,8
21962,11
21963,2
21964,0
21965,7
21966,13
21967,14
21968,7
21969,14
21970,4
21971,3
21972,1
21973,2
21974,2
21975,4
21976,12
21977,2
21978,14
21979,2
21980,0
21981,2
21982,0
21983,6
21984,8
21985,14
21986,1
21987,1
21988,14
21989,5
21990,2
21991,5
21992,8
21993,4
21994,2
21995,3
21996,2
21997,7
21998,5
21999,12
22000,0
22001,8
22002,4
22003,2
22004,1
22005,4
22006,0
22007,1
22008,1
22009,0
22010,1
22011,7
22012,14
22013,1
22014,2
22015,5
22016,1
22017,10
22018,0
22019,12
22020,1
22021,7
22022,13
22023,2
22024,10
22025,1
22026,0
22027,4
22028,4
22029,7
22030,0
22031,4
22032,0
22033,14
22034,2
22035,14
22036,9
22037,8
22038,2
22039,13
22040,6
22041,4
22042,10
22043,8
22044,10
22045,1
22046,6
22047,4
22048,4
22049,5
22050,1
22051,2
22052,9
22053,1
22054,4
22055,5
22056,2
22057,4
22058,2
22059,10
22060,11
22061,5
22062,4
22063,1
22064,11
22065,4
22066,4
22067,14
22068,2
22069,8
22070,1
22071,8
22072,4
22073,3
22074,14
22075,14
22076,0
22077,2
22078,6
22079,8
22080,8
22081,4
22082,1
22083,8
22084,0
22085,7
22086,14
22087,3
22088,2
22089,2
22090,14
22091,3
22092,2
22093,6
22094,2
22095,10
22096,5
22097,7
22098,14
22099,4
22100,2
22101,0
22102,8
22103,2
22104,0
22105,8
22106,8
22107,2
22108,11
22109,14
22110,14
22111,0
22112,0
22113,14
22114,12
22115,4
22116,3
22117,14
22118,6
22119,4
22120,9
22121,0
22122,9
22123,10
22124,13
22125,10
22126,0
22127,6
22128,1
22129,14
22130,7
22131,6
22132,2
22133,9
22134,13
22135,1
22136,13
22137,8
22138,10
22139,2
22140,1
22141,2
22142,11
22143,1
22144,5
22145,8
22146,0
22147,8
22148,8
22149,10
22150,7
22151,1
22152,13
22153,4
22154,9
22155,6
22156,2
22157,2
22158,1
22159,11
22160,5
22161,2
22162,10
22163,10
22164,1
22165,12
22166,1
22167,1
22168,3
22169,4
22170,9
22171,9
22172,2
22173,5
22174,5
22175,5
22176,1
22177,1
22178,11
22179,0
22180,1
22181,3
22182,8
22183,5
22184,5
22185,2
22186,6
22187,2
22188,3
22189,1
22190,1
22191,7
22192,10
22193,4
22194,1
22195,8
22196,8
22197,8
22198,5
22199,0
22200,2
22201,1
22202,13
22203,14
22204,11
22205,1
22206,14
22207,7
22208,7
22209,4
22210,0
22211,1
22212,5
22213,8
22214,6
22215,5
22216,7
22217,1
22218,7
22219,5
22220,4
22221,1
22222,2
22223,14
22224,13
22225,1
22226,1
22227,6
22228,8
22229,10
22230,1
22231,8
22232,14
22233,10
22234,1
22235,2
22236,11
22237,7
22238,4
22239,5
22240,7
22241,5
22242,8
22243,1
22244,11
22245,14
22246,4
22247,5
22248,5
22249,5
22250,4
22251,7
22252,4
22253,11
22254,5
22255,7
22256,5
22257,4
22258,5
22259,1
22260,5
22261,5
22262,10
22263,8
22264,10
22265,14
22266,1
22267,5
22268,8
22269,1
22270,14
22271,4
22272,0
22273,13
22274,6
22275,8
22276,4
22277,9
22278,0
22279,8
22280,5
22281,4
22282,1
22283,2
22284,3
22285,11
22286,6
22287,11
22288,13
22289,2
22290,1
22291,1
22292,14
22293,1
22294,4
22295,0
22296,2
22297,1
22298,2
22299,8
22300,0
22301,13
22302,9
22303,4
22304,0
22305,8
22306,9
22307,4
22308,0
22309,6
22310,13
22311,14
22312,7
22313,6
22314,14
22315,12
22316,7
22317,4
22318,0
22319,7
22320,10
22321,7
22322,8
22323,7
22324,4
22325,9
22326,2
22327,2
22328,7
22329,4
22330,10
22331,10
22332,0
22333,1
22334,4
22335,14
22336,4
22337,13
22338,10
22339,3
22340,14
22341,5
22342,8
22343,8
22344,0
22345,1
22346,0
22347,4
22348,8
22349,1
22350,4
22351,13
22352,14
22353,4
22354,4
22355,11
22356,4
22357,6
22358,7
22359,1
22360,12
22361,4
22362,7
22363,14
22364,0
22365,6
22366,7
22367,13
22368,5
22369,4
22370,2
22371,4
22372,4
22373,14
22374,1
22375,1
22376,2
22377,2
22378,0
22379,1
22380,0
22381,14
22382,1
22383,10
22384,14
22385,6
22386,2
22387,14
22388,0
22389,0
22390,2
22391,14
22392,0
22393,0
22394,4
22395,2
22396,4
22397,1
22398,14
22399,1
22400,13
22401,3
22402,5
22403,7
22404,7
22405,12
22406,10
22407,5
22408,2
22409,4
22410,10
22411,0
22412,7
22413,14
22414,13
22415,13
22416,0
22417,14
22418,1
22419,0
22420,4
22421,5
22422,0
22423,4
22424,8
22425,1
22426,1
22427,13
22428,2
22429,1
22430,3
22431,14
22432,1
22433,2
22434,7
22435,14
22436,8
22437,0
22438,0
22439,8
22440,5
22441,3
22442,10
22443,14
22444,14
22445,5
22446,6
22447,6
22448,10
22449,7
22450,0
22451,8
22452,5
22453,14
22454,11
22455,10
22456,8
22457,8
22458,4
22459,4
22460,2
22461,6
22462,2
22463,10
22464,3
22465,0
22466,14
22467,0
22468,8
22469,9
22470,1
22471,9
22472,0
22473,10
22474,2
22475,14
22476,4
22477,0
22478,4
22479,8
22480,7
22481,5
22482,3
22483,1
22484,2
22485,10
22486,2
22487,2
22488,4
22489,7
22490,5
22491,2
22492,0
22493,0
22494,2
22495,8
22496,1
22497,14
22498,1
22499,4
22500,11
22501,1
22502,7
22503,8
22504,10
22505,5
22506,6
22507,8
22508,14
22509,5
22510,1
22511,0
22512,4
22513,1
22514,5
22515,3
22516,4
22517,8
22518,4
22519,4
22520,5
22521,4
22522,9
22523,14
22524,1
22525,3
22526,9
22527,4
22528,9
22529,2
22530,2
22531,8
22532,2
22533,8
22534,5
22535,14
22536,13
22537,14
22538,13
22539,0
22540,9
22541,0
22542,8
22543,2
22544,5
22545,14
22546,13
22547,7
22548,14
22549,3
22550,8
22551,6
22552,4
22553,2
22554,1
22555,1
22556,0
22557,3
22558,1
22559,14
22560,5
22561,0
22562,6
22563,10
22564,7
22565,2
22566,7
22567,1
22568,14
22569,4
22570,8
22571,1
22572,13
22573,5
22574,0
22575,1
22576,0
22577,13
22578,4
22579,13
22580,11
22581,1
22582,4
22583,8
22584,4
22585,13
22586,5
22587,13
22588,12
22589,14
22590,2
22591,6
22592,4
22593,4
22594,4
22595,5
22596,3
22597,2
22598,8
22599,0
22600,2
22601,10
22602,1
22603,6
22604,8
22605,1
22606,8
22607,5
22608,4
22609,4
22610,2
22611,4
22612,0
22613,3
22614,8
22615,8
22616,14
22617,4
22618,2
22619,4
22620,4
22621,4
22622,8
22623,2
22624,8
22625,2
22626,12
22627,8
22628,5
22629,1
22630,4
22631,13
22632,7
22633,0
22634,2
22635,0
22636,1
22637,5
22638,6
22639,10
22640,8
22641,4
22642,4
22643,4
22644,14
22645,12
22646,1
22647,1
22648,2
22649,2
22650,1
22651,13
22652,10
22653,0
22654,0
22655,1
22656,0
22657,4
22658,14
22659,9
22660,0
22661,1
22662,2
22663,14
22664,1
22665,5
22666,0
22667,3
22668,0
22669,2
22670,4
22671,4
22672,13
22673,11
22674,1
22675,8
22676,4
22677,2
22678,7
22679,4
22680,5
22681,4
22682,7
22683,0
22684,8
22685,12
22686,5
22687,12
22688,2
22689,1
22690,14
22691,7
22692,9
22693,5
22694,4
22695,0
22696,1
22697,4
22698,8
22699,6
22700,1
22701,0
22702,2
22703,7
22704,2
22705,1
22706,14
22707,4
22708,0
22709,1
22710,4
22711,12
22712,5
22713,10
22714,4
22715,4
22716,5
22717,1
22718,2
22719,3
22720,14
22721,0
22722,10
22723,4
22724,4
22725,0
22726,2
22727,6
22728,1
22729,4
22730,8
22731,3
22732,3
22733,5
22734,9
22735,5
22736,2
22737,7
22738,2
22739,5
22740,0
22741,8
22742,13
22743,0
22744,8
22745,7
22746,1
22747,2
22748,2
22749,2
22750,0
22751,13
22752,2
22753,3
22754,8
22755,2
22756,1
22757,2
22758,0
22759,0
22760,3
22761,1
22762,1
22763,5
22764,8
22765,0
22766,11
22767,2
22768,0
22769,6
22770,7
22771,5
22772,5
22773,7
22774,5
22775,5
22776,4
22777,1
22778,2
22779,1
22780,1
22781,0
22782,13
22783,14
22784,8
22785,1
22786,11
22787,4
22788,4
22789,14
22790,0
22791,12
22792,3
22793,14
22794,2
22795,0
22796,1
22797,3
22798,5
22799,14
22800,5
22801,5
22802,4
22803,3
22804,1
22805,4
22806,9
22807,0
22808,8
22809,0
22810,5
22811,11
22812,0
22813,5
22814,1
22815,8
22816,10
22817,13
22818,2
22819,5
22820,4
22821,13
22822,13
22823,1
22824,8
22825,5
22826,4
22827,9
22828,7
22829,4
22830,14
22831,4
22832,10
22833,14
22834,1
22835,7
22836,7
22837,4
22838,14
22839,13
22840,3
22841,1
22842,3
22843,2
22844,1
22845,0
22846,11
22847,5
22848,0
22849,10
22850,8
22851,0
22852,4
22853,14
22854,2
22855,0
22856,0
22857,3
22858,14
22859,5
22860,4
22861,6
22862,10
22863,0
22864,6
22865,5
22866,2
22867,0
22868,2
22869,6
22870,8
22871,4
22872,2
22873,0
22874,8
22875,0
22876,1
22877,13
22878,3
22879,0
22880,8
22881,3
22882,14
22883,3
22884,0
22885,14
22886,5
22887,1
22888,1
22889,0
22890,13
22891,4
22892,14
22893,13
22894,7
22895,0
22896,8
22897,8
22898,3
22899,3
22900,0
22901,2
22902,10
22903,4
22904,0
22905,1
22906,13
22907,4
22908,1
22909,2
22910,8
22911,5
22912,5
22913,4
22914,13
22915,7
22916,1
22917,4
22918,4
22919,1
22920,2
22921,5
22922,13
22923,14
22924,4
22925,0
22926,5
22927,4
22928,2
22929,1
22930,4
22931,1
22932,1
22933,5
22934,3
22935,1
22936,1
22937,0
22938,7
22939,8
22940,0
22941,9
22942,0
22943,14
22944,0
22945,5
22946,8
22947,1
22948,0
22949,5
22950,5
22951,6
22952,8
22953,8
22954,14
22955,5
22956,1
22957,7
22958,2
22959,2
22960,3
22961,8
22962,5
22963,1
22964,0
22965,2
22966,13
22967,2
22968,14
22969,0
22970,1
22971,5
22972,4
22973,5
22974,3
22975,5
22976,0
22977,0
22978,8
22979,0
22980,0
22981,2
22982,1
22983,4
22984,3
22985,0
22986,7
22987,2
22988,14
22989,4
22990,5
22991,8
22992,5
22993,6
22994,0
22995,2
22996,5
22997,5
22998,0
22999,4
23000,5
23001,0
23002,1
23003,2
23004,9
23005,9
23006,2
23007,14
23008,14
23009,2
23010,6
23011,1
23012,5
23013,5
23014,9
23015,5
23016,8
23017,5
23018,5
23019,7
23020,4
23021,1
23022,2
23023,5
23024,0
23025,5
23026,7
23027,4
23028,3
23029,8
23030,6
23031,13
23032,4
23033,7
23034,3
23035,1
23036,3
23037,3
23038,11
23039,2
23040,8
23041,2
23042,14
23043,14
23044,1
23045,8
23046,0
23047,9
23048,2
23049,5
23050,14
23051,14
23052,3
23053,5
23054,8
23055,13
23056,7
23057,2
23058,14
23059,5
23060,2
23061,0
23062,2
23063,0
23064,5
23065,3
23066,2
23067,11
23068,13
23069,0
23070,4
23071,0
23072,7
23073,0
23074,5
23075,13
23076,0
23077,1
23078,4
23079,2
23080,1
23081,10
23082,8
23083,0
23084,14
23085,2
23086,2
23087,1
23088,8
23089,14
23090,13
23091,3
23092,4
23093,2
23094,1
23095,11
23096,5
23097,1
23098,4
23099,12
23100,8
23101,1
23102,2
23103,2
23104,4
23105,14
23106,5
23107,8
23108,0
23109,14
23110,5
23111,1
23112,5
23113,2
23114,1
23115,7
23116,3
23117,6
23118,4
23119,1
23120,3
23121,0
23122,14
23123,5
23124,2
23125,11
23126,12
23127,1
23128,8
23129,14
23130,0
23131,1
23132,6
23133,0
23134,1
23135,8
23136,6
23137,5
23138,2
23139,2
23140,2
23141,8
23142,5
23143,13
23144,0
23145,5
23146,8
23147,3
23148,2
23149,11
23150,7
23151,2
23152,2
23153,5
23154,3
23155,5
23156,1
23157,9
23158,2
23159,0
23160,8
23161,10
23162,4
23163,2
23164,1
23165,2
23166,5
23167,3
23168,11
23169,0
23170,1
23171,4
23172,8
23173,9
23174,0
23175,5
23176,5
23177,2
23178,5
23179,7
23180,14
23181,1
23182,1
23183,9
23184,14
23185,1
23186,6
23187,8
23188,10
23189,2
23190,5
23191,14
23192,4
23193,2
23194,8
23195,0
23196,14
23197,1
23198,5
23199,6
23200,1
23201,4
23202,14
23203,4
23204,13
23205,5
23206,0
23207,9
23208,11
23209,4
23210,1
23211,5
23212,6
23213,8
23214,2
23215,14
23216,1
23217,5
23218,14
23219,13
23220,14
23221,14
23222,2
23223,0
23224,1
23225,4
23226,4
23227,2
23228,5
23229,7
23230,5
23231,10
23232,0
23233,3
23234,13
23235,0
23236,1
23237,5
23238,4
23239,11
23240,6
23241,13
23242,0
23243,10
23244,7
23245,13
23246,14
23247,5
23248,2
23249,2
23250,1
23251,7
23252,10
23253,8
23254,2
23255,4
23256,6
23257,11
23258,0
23259,5
23260,0
23261,7
23262,1
23263,2
23264,5
23265,3
23266,8
23267,3
23268,1
23269,0
23270,1
23271,4
23272,8
23273,5
23274,5
23275,3
23276,8
23277,5
23278,14
23279,0
23280,8
23281,14
23282,3
23283,14
23284,2
23285,13
23286,4
23287,4
23288,5
23289,4
23290,5
23291,4
23292,9
23293,8
23294,8
23295,2
23296,0
23297,10
23298,14
23299,2
23300,9
23301,8
23302,5
23303,14
23304,4
23305,0
23306,10
23307,10
23308,5
23309,8
23310,5
23311,5
23312,6
23313,6
23314,0
23315,5
23316,14
23317,2
23318,1
23319,5
23320,6
23321,5
23322,0
23323,8
23324,8
23325,4
23326,14
23327,2
23328,5
23329,4
23330,8
23331,4
23332,2
23333,8
23334,2
23335,9
23336,14
23337,5
23338,14
23339,0
23340,11
23341,1
23342,5
23343,4
23344,8
23345,14
23346,0
23347,9
23348,9
23349,8
23350,0
23351,13
23352,1
23353,14
23354,9
23355,1
23356,5
23357,1
23358,14
23359,2
23360,1
23361,2
23362,14
23363,6
23364,2
23365,2
23366,5
23367,11
23368,2
23369,1
23370,14
23371,8
23372,7
23373,2
23374,11
23375,11
23376,3
23377,4
23378,14
23379,3
23380,11
23381,2
23382,1
23383,5
23384,0
23385,4
23386,8
23387,4
23388,1
23389,7
23390,14
23391,0
23392,8
23393,10
23394,4
23395,0
23396,14
23397,9
23398,14
23399,5
23400,2
23401,3
23402,8
23403,11
23404,0
23405,2
23406,10
23407,5
23408,8
23409,13
23410,1
23411,5
23412,1
23413,2
23414,2
23415,14
23416,9
23417,4
23418,2
23419,5
23420,0
23421,3
23422,14
23423,0
23424,1
23425,9
23426,7
23427,0
23428,0
23429,2
23430,2
23431,8
23432,13
23433,4
23434,1
23435,4
23436,9
23437,8
23438,2
23439,14
23440,0
23441,1
23442,2
23443,0
23444,5
23445,8
23446,6
23447,2
23448,0
23449,11
23450,10
23451,8
23452,5
23453,0
23454,0
23455,0
23456,4
23457,0
23458,4
23459,14
23460,10
23461,2
23462,5
23463,1
23464,7
23465,4
23466,9
23467,0
23468,14
23469,11
23470,8
23471,3
23472,4
23473,5
23474,6
23475,4
23476,4
23477,2
23478,0
23479,8
23480,7
23481,0
23482,1
23483,5
23484,5
23485,5
23486,0
23487,8
23488,1
23489,8
23490,0
23491,8
23492,13
23493,8
23494,1
23495,14
23496,10
23497,7
23498,1
23499,11
23500,14
23501,2
23502,4
23503,4
23504,4
23505,3
23506,3
23507,2
23508,6
23509,14
23510,1
23511,9
23512,14
23513,0
23514,6
23515,4
23516,4
23517,6
23518,14
23519,14
23520,0
23521,1
23522,8
23523,0
23524,8
23525,4
23526,4
23527,0
23528,8
23529,9
23530,2
23531,3
23532,4
23533,4
23534,5
23535,14
23536,2
23537,3
23538,4
23539,2
23540,8
23541,0
23542,5
23543,14
23544,1
23545,14
23546,4
23547,11
23548,9
23549,2
23550,4
23551,4
23552,4
23553,6
23554,14
23555,4
23556,4
23557,7
23558,0
23559,14
23560,0
23561,0
23562,13
23563,1
23564,14
23565,5
23566,4
23567,4
23568,4
23569,0
23570,10
23571,8
23572,1
23573,1
23574,9
23575,3
23576,5
23577,11
23578,1
23579,4
23580,1
23581,3
23582,4
23583,6
23584,3
23585,13
23586,14
23587,8
23588,2
23589,0
23590,2
23591,1
23592,10
23593,5
23594,14
23595,2
23596,6
23597,4
23598,14
23599,0
23600,2
23601,6
23602,5
23603,0
23604,4
23605,1
23606,9
23607,11
23608,1
23609,0
23610,0
23611,0
23612,2
23613,6
23614,2
23615,1
23616,0
23617,14
23618,5
23619,9
23620,1
23621,8
23622,10
23623,2
23624,11
23625,7
23626,10
23627,5
23628,1
23629,0
23630,2
23631,14
23632,2
23633,4
23634,4
23635,1
23636,4
23637,2
23638,8
23639,4
23640,14
23641,14
23642,2
23643,6
23644,5
23645,3
23646,5
23647,0
23648,1
23649,14
23650,1
23651,0
23652,0
23653,5
23654,2
23655,0
23656,14
23657,3
23658,8
23659,13
23660,7
23661,7
23662,4
23663,0
23664,0
23665,3
23666,4
23667,2
23668,11
23669,0
23670,5
23671,4
23672,5
23673,4
23674,14
23675,14
23676,3
23677,3
23678,10
23679,0
23680,14
23681,0
23682,4
23683,11
23684,5
23685,8
23686,4
23687,4
23688,1
23689,5
23690,3
23691,2
23692,4
23693,2
23694,6
23695,0
23696,5
23697,0
23698,1
23699,10
23700,11
23701,0
23702,14
23703,8
23704,2
23705,1
23706,14
23707,3
23708,5
23709,14
23710,3
23711,0
23712,1
23713,7
23714,9
23715,4
23716,3
23717,0
23718,3
23719,5
23720,5
23721,4
23722,7
23723,4
23724,14
23725,14
23726,13
23727,5
23728,1
23729,5
23730,7
23731,5
23732,3
23733,4
23734,13
23735,4
23736,0
23737,1
23738,6
23739,8
23740,4
23741,2
23742,4
23743,8
23744,7
23745,3
23746,0
23747,1
23748,14
23749,8
23750,4
23751,2
23752,4
23753,5
23754,14
23755,8
23756,2
23757,6
23758,5
23759,5
23760,11
23761,11
23762,11
23763,8
23764,2
23765,7
23766,10
23767,2
23768,0
23769,4
23770,6
23771,5
23772,4
23773,9
23774,2
23775,2
23776,4
23777,0
23778,1
23779,13
23780,1
23781,8
23782,7
23783,1
23784,2
23785,1
23786,2
23787,4
23788,2
23789,14
23790,7
23791,0
23792,8
23793,2
23794,6
23795,2
23796,3
23797,9
23798,4
23799,9
23800,2
23801,7
23802,1
23803,5
23804,3
23805,4
23806,8
23807,8
23808,3
23809,1
23810,4
23811,9
23812,3
23813,0
23814,6
23815,1
23816,4
23817,14
23818,10
23819,8
23820,7
23821,4
23822,4
23823,4
23824,8
23825,5
23826,3
23827,8
23828,4
23829,2
23830,13
23831,8
23832,5
23833,6
23834,0
23835,0
23836,11
23837,4
23838,7
23839,3
23840,3
23841,0
23842,2
23843,14
23844,10
23845,2
23846,5
23847,13
23848,0
23849,5
23850,6
23851,0
23852,1
23853,0
23854,8
23855,10
23856,8
23857,0
23858,5
23859,9
23860,2
23861,7
23862,4
23863,4
23864,5
23865,4
23866,13
23867,4
23868,2
23869,5
23870,7
23871,4
23872,2
23873,2
23874,13
23875,1
23876,8
23877,4
23878,11
23879,2
23880,2
23881,9
23882,10
23883,3
23884,5
23885,11
23886,13
23887,5
23888,5
23889,2
23890,1
23891,14
23892,14
23893,13
23894,2
23895,3
23896,1
23897,5
23898,3
23899,13
23900,14
23901,0
23902,2
23903,4
23904,5
23905,5
23906,2
23907,4
23908,13
23909,5
23910,14
23911,0
23912,1
23913,7
23914,2
23915,2
23916,14
23917,14
23918,14
23919,0
23920,4
23921,6
23922,6
23923,5
23924,9
23925,14
23926,0
23927,14
23928,2
23929,1
23930,9
23931,7
23932,7
23933,6
23934,2
23935,4
23936,7
23937,0
23938,10
23939,10
23940,8
23941,7
23942,5
23943,1
23944,5
23945,0
23946,11
23947,4
23948,6
23949,4
23950,1
23951,1
23952,14
23953,10
23954,5
23955,5
23956,0
23957,2
23958,8
23959,2
23960,5
23961,4
23962,2
23963,7
23964,0
23965,9
23966,7
23967,2
23968,4
23969,13
23970,13
23971,6
23972,3
23973,8
23974,4
23975,6
23976,14
23977,3
23978,8
23979,2
23980,8
23981,3
23982,7
23983,14
23984,7
23985,12
23986,6
23987,5
23988,4
23989,2
23990,4
23991,6
23992,8
23993,14
23994,4
23995,10
23996,4
23997,4
23998,8
23999,4
24000,5
24001,2
24002,8
24003,11
24004,6
24005,7
24006,0
24007,4
24008,14
24009,5
24010,5
24011,4
24012,1
24013,2
24014,9
24015,4
24016,10
24017,4
24018,5
24019,11
24020,2
24021,10
24022,4
24023,14
24024,4
24025,14
24026,6
24027,7
24028,11
24029,4
24030,13
24031,11
24032,6
24033,2
24034,7
24035,2
24036,4
24037,0
24038,4
24039,0
24040,5
24041,2
24042,10
24043,0
24044,0
24045,2
24046,1
24047,4
24048,5
24049,1
24050,1
24051,0
24052,1
24053,8
24054,1
24055,4
24056,1
24057,1
24058,10
24059,2
24060,5
24061,5
24062,0
24063,0
24064,0
24065,2
24066,14
24067,2
24068,5
24069,14
24070,0
24071,1
24072,1
24073,1
24074,4
24075,1
24076,0
24077,4
24078,4
24079,10
24080,0
24081,3
24082,0
24083,5
24084,8
24085,2
24086,5
24087,1
24088,5
24089,0
24090,3
24091,3
24092,12
24093,1
24094,5
24095,4
24096,14
24097,4
24098,1
24099,2
24100,11
24101,11
24102,14
24103,12
24104,9
24105,2
24106,0
24107,11
24108,5
24109,1
24110,1
24111,3
24112,11
24113,0
24114,5
24115,5
24116,4
24117,8
24118,1
24119,6
24120,0
24121,8
24122,14
24123,1
24124,2
24125,0
24126,1
24127,8
24128,14
24129,14
24130,5
24131,2
24132,4
24133,1
24134,2
24135,6
24136,1
24137,14
24138,1
24139,13
24140,2
24141,8
24142,2
24143,5
24144,2
24145,1
24146,6
24147,11
24148,5
24149,1
24150,4
24151,4
24152,7
24153,7
24154,3
24155,0
24156,6
24157,0
24158,14
24159,4
24160,4
24161,13
24162,3
24163,7
24164,1
24165,10
24166,3
24167,11
24168,14
24169,2
24170,2
24171,5
24172,4
24173,1
24174,5
24175,8
24176,8
24177,7
24178,8
24179,1
24180,8
24181,0
24182,13
24183,4
24184,14
24185,5
24186,7
24187,2
24188,4
24189,8
24190,1
24191,8
24192,11
24193,6
24194,14
24195,13
24196,14
24197,8
24198,4
24199,9
24200,1
24201,2
24202,8
24203,5
24204,10
24205,13
24206,1
24207,4
24208,13
24209,5
24210,8
24211,1
24212,1
24213,1
24214,13
24215,7
24216,0
24217,4
24218,8
24219,2
24220,14
24221,7
24222,5
24223,13
24224,9
24225,8
24226,0
24227,8
24228,1
24229,4
24230,1
24231,8
24232,3
24233,2
24234,7
24235,2
24236,5
24237,14
24238,0
24239,0
24240,8
24241,5
24242,1
24243,4
24244,10
24245,0
24246,5
24247,3
24248,5
24249,5
24250,1
24251,6
24252,0
24253,0
24254,14
24255,8
24256,5
24257,14
24258,4
24259,5
24260,8
24261,5
24262,1
24263,4
24264,4
24265,13
24266,8
24267,2
24268,0
24269,0
24270,9
24271,14
24272,3
24273,2
24274,10
24275,7
24276,2
24277,4
24278,1
24279,0
24280,0
24281,14
24282,10
24283,5
24284,5
24285,7
24286,2
24287,4
24288,0
24289,10
24290,3
24291,4
24292,0
24293,0
24294,7
24295,1
24296,5
24297,14
24298,7
24299,4
24300,4
24301,8
24302,4
24303,3
24304,0
24305,14
24306,4
24307,5
24308,2
24309,11
24310,0
24311,2
24312,1
24313,7
24314,8
24315,0
24316,14
24317,2
24318,10
24319,12
24320,10
24321,0
24322,14
24323,6
24324,5
24325,6
24326,0
24327,1
24328,2
24329,11
24330,14
24331,2
24332,3
24333,2
24334,2
24335,3
24336,4
24337,6
24338,5
24339,7
24340,8
24341,7
24342,12
24343,3
24344,1
24345,5
24346,5
24347,2
24348,0
24349,1
24350,5
24351,14
24352,4
24353,11
24354,5
24355,9
24356,3
24357,6
24358,6
24359,2
24360,5
24361,14
24362,4
24363,11
24364,4
24365,6
24366,5
24367,14
24368,5
24369,2
24370,4
24371,1
24372,7
24373,8
24374,1
24375,8
24376,2
24377,2
24378,0
24379,6
24380,2
24381,0
24382,4
24383,8
24384,4
24385,13
24386,0
24387,14
24388,0
24389,6
24390,14
24391,4
24392,8
24393,8
24394,2
24395,0
24396,6
24397,8
24398,14
24399,2
24400,0
24401,14
24402,2
24403,0
24404,0
24405,4
24406,10
24407,4
24408,1
24409,5
24410,11
24411,7
24412,14
24413,6
24414,6
24415,2
24416,1
24417,1
24418,7
24419,2
24420,11
24421,14
24422,14
24423,8
24424,14
24425,14
24426,9
24427,3
24428,5
24429,1
24430,14
24431,1
24432,1
24433,4
24434,0
24435,2
24436,0
24437,7
24438,7
24439,14
24440,3
24441,5
24442,14
24443,3
24444,12
24445,0
24446,4
24447,0
24448,5
24449,1
24450,13
24451,0
24452,8
24453,12
24454,5
24455,0
24456,0
24457,0
24458,9
24459,2
24460,0
24461,13
24462,12
24463,1
24464,14
24465,5
24466,8
24467,1
24468,2
24469,1
24470,1
24471,14
24472,13
24473,1
24474,5
24475,4
24476,2
24477,14
24478,0
24479,0
24480,6
24481,13
24482,2
24483,0
24484,13
24485,0
24486,1
24487,5
24488,0
24489,11
24490,9
24491,4
24492,8
24493,5
24494,0
24495,1
24496,2
24497,2
24498,2
24499,2
24500,0
24501,2
24502,0
24503,4
24504,4
24505,2
24506,7
24507,5
24508,12
24509,1
24510,14
24511,8
24512,11
24513,2
24514,14
24515,3
24516,0
24517,1
24518,2
24519,2
24520,13
24521,1
24522,4
24523,0
24524,7
24525,4
24526,13
24527,4
24528,4
24529,2
24530,2
24531,6
24532,0
24533,3
24534,2
24535,8
24536,0
24537,8
24538,9
24539,14
24540,1
24541,4
24542,1
24543,11
24544,11
24545,2
24546,4
24547,7
24548,7
24549,0
24550,10
24551,2
24552,13
24553,1
24554,7
24555,3
24556,14
24557,4
24558,13
24559,1
24560,7
24561,4
24562,13
24563,9
24564,1
24565,8
24566,2
24567,0
24568,4
24569,1
24570,0
24571,9
24572,1
24573,14
24574,4
24575,11
24576,4
24577,14
24578,11
24579,2
24580,4
24581,8
24582,6
24583,5
24584,4
24585,10
24586,0
24587,14
24588,14
24589,11
24590,1
24591,13
24592,1
24593,13
24594,6
24595,2
24596,7
24597,1
24598,7
24599,3
24600,11
24601,4
24602,0
24603,8
24604,14
24605,8
24606,4
24607,2
24608,1
24609,0
24610,1
24611,6
24612,3
24613,0
24614,14
24615,2
24616,6
24617,5
24618,5
24619,9
24620,6
24621,14
24622,4
24623,9
24624,2
24625,4
24626,1
24627,5
24628,11
24629,10
24630,8
24631,2
24632,2
24633,11
24634,3
24635,1
24636,14
24637,6
24638,5
24639,0
24640,8
24641,14
24642,1
24643,2
24644,10
24645,9
24646,0
24647,6
24648,9
24649,5
24650,14
24651,2
24652,4
24653,5
24654,3
24655,0
24656,5
24657,1
24658,4
24659,14
24660,3
24661,13
24662,2
24663,8
24664,10
24665,1
24666,5
24667,5
24668,2
24669,14
24670,14
24671,5
24672,1
24673,4
24674,14
24675,6
24676,10
24677,5
24678,4
24679,1
24680,8
24681,0
24682,8
24683,8
24684,0
24685,5
24686,7
24687,4
24688,2
24689,5
24690,4
24691,11
24692,14
24693,4
24694,8
24695,1
24696,8
24697,1
24698,0
24699,14
24700,14
24701,11
24702,10
24703,3
24704,0
24705,13
24706,2
24707,2
24708,4
24709,14
24710,8
24711,6
24712,14
24713,7
24714,0
24715,3
24716,0
24717,14
24718,0
24719,13
24720,1
24721,10
24722,13
24723,13
24724,12
24725,4
24726,4
24727,2
24728,2
24729,1
24730,4
24731,3
24732,11
24733,2
24734,3
24735,3
24736,3
24737,3
24738,5
24739,0
24740,7
24741,4
24742,1
24743,2
24744,8
24745,10
24746,1
24747,1
24748,5
24749,4
24750,2
24751,14
24752,4
24753,5
24754,10
24755,8
24756,10
24757,2
24758,4
24759,5
24760,3
24761,5
24762,3
24763,7
24764,8
24765,9
24766,8
24767,1
24768,9
24769,10
24770,4
24771,1
24772,0
24773,1
24774,8
24775,0
24776,4
24777,6
24778,4
24779,0
24780,9
24781,8
24782,6
24783,14
24784,6
24785,6
24786,8
24787,5
24788,9
24789,13
24790,4
24791,4
24792,13
24793,2
24794,1
24795,14
24796,12
24797,8
24798,13
24799,1
24800,7
24801,0
24802,5
24803,3
24804,1
24805,3
24806,4
24807,4
24808,2
24809,14
24810,3
24811,1
24812,4
24813,1
24814,14
24815,8
24816,5
24817,2
24818,5
24819,2
24820,8
24821,1
24822,1
24823,5
24824,1
24825,3
24826,1
24827,1
24828,9
24829,14
24830,14
24831,6
24832,0
24833,4
24834,11
24835,5
24836,3
24837,8
24838,5
24839,13
24840,7
24841,0
24842,6
24843,13
24844,1
24845,0
24846,10
24847,8
24848,4
24849,0
24850,1
24851,3
24852,4
24853,6
24854,14
24855,14
24856,14
24857,2
24858,14
24859,5
24860,7
24861,14
24862,6
24863,1
24864,2
24865,11
24866,10
24867,0
24868,1
24869,0
24870,8
24871,10
24872,1
24873,14
24874,2
24875,0
24876,0
24877,9
24878,4
24879,1
24880,4
24881,6
24882,2
24883,4
24884,4
24885,4
24886,14
24887,4
24888,8
24889,3
24890,0
24891,7
24892,5
24893,8
24894,9
24895,7
24896,4
24897,0
24898,0
24899,3
24900,14
24901,7
24902,7
24903,6
24904,2
24905,6
24906,5
24907,8
24908,7
24909,4
24910,12
24911,9
24912,5
24913,4
24914,4
24915,13
24916,2
24917,10
24918,1
24919,6
24920,10
24921,14
24922,5
24923,0
24924,14
24925,10
24926,1
24927,8
24928,2
24929,4
24930,14
24931,8
24932,2
24933,1
24934,4
24935,8
24936,0
24937,5
24938,5
24939,1
24940,1
24941,4
24942,0
24943,4
24944,5
24945,0
24946,2
24947,10
24948,14
24949,13
24950,2
24951,5
24952,8
24953,3
24954,2
24955,8
24956,5
24957,0
24958,0
24959,14
24960,14
24961,14
24962,5
24963,8
24964,5
24965,0
24966,5
24967,14
24968,8
24969,5
24970,4
24971,13
24972,2
24973,14
24974,5
24975,3
24976,5
24977,8
24978,2
24979,11
24980,7
24981,0
24982,0
24983,14
24984,0
24985,5
24986,3
24987,6
24988,4
24989,0
24990,5
24991,5
24992,10
24993,5
24994,0
24995,8
24996,5
24997,6
24998,0
24999,8
25000,13
25001,5
25002,3
25003,5
25004,8
25005,3
25006,13
25007,13
25008,0
25009,1
25010,7
25011,9
25012,5
25013,14
25014,5
25015,3
25016,4
25017,14
25018,5
25019,13
25020,2
25021,13
25022,4
25023,1
25024,1
25025,5
25026,4
25027,4
25028,6
25029,2
25030,2
25031,2
25032,0
25033,1
25034,1
25035,0
25036,0
25037,4
25038,11
25039,5
25040,1
25041,2
25042,4
25043,0
25044,2
25045,13
25046,0
25047,6
25048,4
25049,7
25050,7
25051,4
25052,1
25053,1
25054,2
25055,5
25056,10
25057,4
25058,1
25059,2
25060,14
25061,2
25062,2
25063,7
25064,0
25065,0
25066,2
25067,0
25068,14
25069,10
25070,11
25071,5
25072,10
25073,4
25074,0
25075,7
25076,2
25077,1
25078,3
25079,14
25080,6
25081,13
25082,4
25083,1
25084,0
25085,14
25086,1
25087,1
25088,14
25089,1
25090,5
25091,2
25092,14
25093,1
25094,2
25095,3
25096,6
25097,4
25098,1
25099,6
25100,8
25101,6
25102,2
25103,12
25104,6
25105,1
25106,5
25107,2
25108,0
25109,9
25110,14
25111,4
25112,4
25113,7
25114,4
25115,8
25116,3
25117,0
25118,1
25119,11
25120,0
25121,4
25122,2
25123,10
25124,4
25125,8
25126,2
25127,14
25128,1
25129,9
25130,7
25131,14
25132,14
25133,5
25134,2
25135,14
25136,0
25137,14
25138,10
25139,2
25140,1
25141,13
25142,14
25143,11
25144,11
25145,13
25146,1
25147,3
25148,8
25149,4
25150,5
25151,5
25152,6
25153,0
25154,11
25155,14
25156,5
25157,2
25158,7
25159,10
25160,1
25161,8
25162,9
25163,9
25164,5
25165,6
25166,5
25167,2
25168,14
25169,0
25170,8
25171,8
25172,1
25173,14
25174,5
25175,5
25176,1
25177,8
25178,3
25179,8
25180,9
25181,4
25182,14
25183,1
25184,10
25185,0
25186,2
25187,1
25188,12
25189,6
25190,6
25191,5
25192,4
25193,10
25194,11
25195,1
25196,0
25197,6
25198,2
25199,5
25200,0
25201,4
25202,5
25203,4
25204,0
25205,12
25206,5
25207,2
25208,13
25209,2
25210,13
25211,2
25212,4
25213,0
25214,5
25215,1
25216,5
25217,2
25218,1
25219,0
25220,6
25221,6
25222,7
25223,2
25224,11
25225,7
25226,1
25227,0
25228,2
25229,9
25230,5
25231,7
25232,5
25233,8
25234,4
25235,1
25236,4
25237,4
25238,4
25239,8
25240,5
25241,5
25242,7
25243,9
25244,5
25245,2
25246,5
25247,7
25248,5
25249,8
25250,10
25251,9
25252,6
25253,1
25254,5
25255,6
25256,6
25257,14
25258,1
25259,12
25260,1
25261,4
25262,14
25263,8
25264,13
25265,0
25266,4
25267,5
25268,1
25269,3
25270,2
25271,5
25272,5
25273,0
25274,4
25275,14
25276,0
25277,1
25278,9
25279,5
25280,9
25281,13
25282,4
25283,12
25284,8
25285,0
25286,0
25287,13
25288,1
25289,1
25290,4
25291,3
25292,2
25293,13
25294,5
25295,2
25296,3
25297,6
25298,10
25299,14
25300,2
25301,2
25302,4
25303,3
25304,8
25305,5
25306,1
25307,9
25308,0
25309,5
25310,2
25311,0
25312,4
25313,0
25314,2
25315,4
25316,4
25317,4
25318,2
25319,5
25320,14
25321,4
25322,14
25323,14
25324,14
25325,9
25326,8
25327,3
25328,2
25329,7
25330,4
25331,8
25332,2
25333,2
25334,1
25335,6
25336,0
25337,5
25338,4
25339,4
25340,1
25341,7
25342,7
25343,8
25344,5
25345,13
25346,5
25347,13
25348,4
25349,5
25350,4
25351,8
25352,8
25353,4
25354,0
25355,7
25356,1
25357,3
25358,14
25359,2
25360,2
25361,10
25362,7
25363,0
25364,0
25365,8
25366,8
25367,5
25368,1
25369,14
25370,14
25371,11
25372,1
25373,10
25374,14
25375,0
25376,2
25377,0
25378,1
25379,14
25380,14
25381,11
25382,8
25383,13
25384,2
25385,9
25386,2
25387,2
25388,3
25389,13
25390,8
25391,2
25392,3
25393,2
25394,14
25395,0
25396,3
25397,10
25398,2
25399,4
25400,6
25401,9
25402,13
25403,7
25404,0
25405,6
25406,1
25407,1
25408,3
25409,6
25410,5
25411,5
25412,6
25413,8
25414,9
25415,2
25416,1
25417,2
25418,14
25419,5
25420,1
25421,0
25422,2
25423,0
25424,0
25425,6
25426,14
25427,5
25428,2
25429,0
25430,1
25431,2
25432,7
25433,3
25434,7
25435,12
25436,1
25437,7
25438,4
25439,8
25440,9
25441,5
25442,4
25443,2
25444,4
25445,2
25446,12
25447,11
25448,14
25449,0
25450,0
25451,10
25452,10
25453,13
25454,8
25455,2
25456,13
25457,0
25458,6
25459,3
25460,5
25461,2
25462,2
25463,8
25464,6
25465,7
25466,7
25467,10
25468,7
25469,4
25470,0
25471,14
25472,0
25473,0
25474,3
25475,2
25476,4
25477,1
25478,1
25479,8
25480,9
25481,8
25482,4
25483,3
25484,8
25485,5
25486,2
25487,14
25488,9
25489,1
25490,3
25491,11
25492,0
25493,5
25494,2
25495,0
25496,5
25497,0
25498,8
25499,0
25500,7
25501,14
25502,1
25503,4
25504,4
25505,6
25506,0
25507,4
25508,1
25509,8
25510,14
25511,2
25512,0
25513,1
25514,7
25515,0
25516,1
25517,13
25518,14
25519,5
25520,4
25521,5
25522,14
25523,2
25524,5
25525,9
25526,0
25527,0
25528,0
25529,0
25530,10
25531,3
25532,9
25533,4
25534,8
25535,5
25536,5
25537,6
25538,5
25539,2
25540,2
25541,14
25542,9
25543,1
25544,0
25545,9
25546,5
25547,1
25548,0
25549,7
25550,14
25551,2
25552,8
25553,7
25554,7
25555,0
25556,1
25557,8
25558,5
25559,10
25560,10
25561,2
25562,4
25563,0
25564,14
25565,4
25566,11
25567,3
25568,4
25569,2
25570,2
25571,4
25572,7
25573,4
25574,8
25575,5
25576,8
25577,9
25578,0
25579,1
25580,4
25581,13
25582,0
25583,0
25584,7
25585,13
25586,11
25587,0
25588,14
25589,6
25590,14
25591,1
25592,2
25593,5
25594,11
25595,8
25596,10
25597,1
25598,7
25599,3
25600,5
25601,2
25602,8
25603,10
25604,2
25605,4
25606,1
25607,2
25608,4
25609,1
25610,5
25611,0
25612,6
25613,8
25614,14
25615,7
25616,4
25617,3
25618,5
25619,0
25620,0
25621,5
25622,10
25623,10
25624,14
25625,13
25626,2
25627,2
25628,8
25629,6
25630,3
25631,9
25632,5
25633,4
25634,7
25635,5
25636,10
25637,2
25638,0
25639,2
25640,2
25641,8
25642,6
25643,2
25644,6
25645,14
25646,8
25647,13
25648,0
25649,2
25650,3
25651,2
25652,4
25653,10
25654,9
25655,1
25656,1
25657,2
25658,14
25659,4
25660,1
25661,1
25662,13
25663,7
25664,8
25665,8
25666,7
25667,14
25668,6
25669,4
25670,1
25671,4
25672,2
25673,0
25674,5
25675,4
25676,3
25677,1
25678,12
25679,2
25680,4
25681,14
25682,1
25683,2
25684,2
25685,0
25686,0
25687,7
25688,2
25689,2
25690,7
25691,4
25692,5
25693,5
25694,12
25695,3
25696,5
25697,4
25698,4
25699,0
25700,2
25701,14
25702,2
25703,1
25704,4
25705,4
25706,13
25707,0
25708,0
25709,5
25710,8
25711,4
25712,1
25713,14
25714,4
25715,0
25716,2
25717,9
25718,8
25719,9
25720,9
25721,5
25722,8
25723,4
25724,14
25725,0
25726,0
25727,0
25728,0
25729,12
25730,3
25731,2
25732,2
25733,2
25734,8
25735,1
25736,7
25737,0
25738,1
25739,2
25740,0
25741,14
25742,5
25743,4
25744,0
25745,2
25746,4
25747,0
25748,8
25749,8
25750,5
25751,0
25752,0
25753,1
25754,1
25755,7
25756,14
25757,4
25758,4
25759,0
25760,5
25761,4
25762,1
25763,8
25764,4
25765,6
25766,4
25767,14
25768,5
25769,0
25770,9
25771,2
25772,10
25773,2
25774,1
25775,5
25776,0
25777,0
25778,7
25779,11
25780,8
25781,5
25782,4
25783,1
25784,9
25785,4
25786,2
25787,14
25788,2
25789,13
25790,4
25791,1
25792,5
25793,0
25794,2
25795,3
25796,4
25797,10
25798,8
25799,10
25800,2
25801,2
25802,2
25803,7
25804,5
25805,5
25806,7
25807,1
25808,9
25809,13
25810,9
25811,2
25812,0
25813,3
25814,1
25815,2
25816,7
25817,14
25818,9
25819,7
25820,14
25821,4
25822,2
25823,5
25824,11
25825,1
25826,8
25827,5
25828,4
25829,8
25830,14
25831,4
25832,0
25833,7
25834,3
25835,11
25836,5
25837,1
25838,4
25839,4
25840,5
25841,8
25842,2
25843,8
25844,4
25845,5
25846,6
25847,11
25848,5
25849,5
25850,14
25851,4
25852,9
25853,14
25854,1
25855,1
25856,11
25857,1
25858,2
25859,2
25860,7
25861,12
25862,9
25863,7
25864,13
25865,7
25866,7
25867,2
25868,5
25869,2
25870,0
25871,7
25872,2
25873,0
25874,5
25875,2
25876,13
25877,5
25878,1
25879,5
25880,1
25881,0
25882,4
25883,2
25884,6
25885,4
25886,2
25887,4
25888,11
25889,4
25890,13
25891,2
25892,3
25893,7
25894,9
25895,14
25896,2
25897,9
25898,1
25899,10
25900,4
25901,13
25902,7
25903,8
25904,7
25905,12
25906,0
25907,4
25908,4
25909,2
25910,5
25911,5
25912,4
25913,13
25914,4
25915,0
25916,14
25917,0
25918,3
25919,13
25920,1
25921,0
25922,13
25923,13
25924,5
25925,11
25926,1
25927,5
25928,9
25929,13
25930,3
25931,6
25932,11
25933,13
25934,8
25935,8
25936,14
25937,4
25938,1
25939,8
25940,5
25941,2
25942,10
25943,8
25944,2
25945,8
25946,6
25947,1
25948,5
25949,0
25950,7
25951,11
25952,13
25953,4
25954,11
25955,14
25956,8
25957,2
25958,2
25959,2
25960,4
25961,9
25962,6
25963,14
25964,8
25965,2
25966,13
25967,14
25968,4
25969,0
25970,4
25971,5
25972,5
25973,8
25974,6
25975,5
25976,14
25977,8
25978,0
25979,1
25980,1
25981,4
25982,2
25983,2
25984,4
25985,14
25986,1
25987,4
25988,2
25989,8
25990,2
25991,10
25992,14
25993,0
25994,4
25995,4
25996,1
25997,4
25998,0
25999,2
26000,4
26001,0
26002,13
26003,6
26004,2
26005,2
26006,8
26007,7
26008,14
26009,1
26010,2
26011,1
26012,6
26013,2
26014,9
26015,5
26016,11
26017,5
26018,4
26019,3
26020,4
26021,0
26022,5
26023,2
26024,4
26025,10
26026,4
26027,3
26028,6
26029,0
26030,1
26031,3
26032,6
26033,2
26034,2
26035,6
26036,2
26037,14
26038,4
26039,4
26040,2
26041,8
26042,14
26043,13
26044,14
26045,14
26046,14
26047,0
26048,0
26049,4
26050,8
26051,1
26052,1
26053,3
26054,0
26055,2
26056,1
26057,2
26058,11
26059,9
26060,8
26061,5
26062,13
26063,14
26064,7
26065,13
26066,4
26067,4
26068,10
26069,5
26070,8
26071,2
26072,11
26073,5
26074,14
26075,5
26076,0
26077,5
26078,5
26079,4
26080,0
26081,4
26082,2
26083,2
26084,4
26085,1
26086,0
26087,2
26088,4
26089,13
26090,5
26091,4
26092,13
26093,11
26094,14
26095,2
26096,9
26097,9
26098,2
26099,1
26100,9
26101,5
26102,7
26103,14
26104,1
26105,10
26106,14
26107,0
26108,0
26109,8
26110,1
26111,1
26112,5
26113,5
26114,14
26115,2
26116,1
26117,1
26118,1
26119,14
26120,10
26121,6
26122,4
26123,1
26124,0
26125,5
26126,8
26127,2
26128,5
26129,8
26130,0
26131,13
26132,14
26133,6
26134,0
26135,3
26136,4
26137,8
26138,9
26139,3
26140,9
26141,14
26142,1
26143,0
26144,14
26145,1
26146,14
26147,4
26148,14
26149,1
26150,8
26151,5
26152,6
26153,4
26154,3
26155,13
26156,1
26157,1
26158,12
26159,8
26160,0
26161,4
26162,8
26163,5
26164,13
26165,12
26166,14
26167,12
26168,1
26169,2
26170,0
26171,0
26172,8
26173,4
26174,0
26175,6
26176,5
26177,4
26178,5
26179,10
26180,10
26181,0
26182,2
26183,2
26184,7
26185,1
26186,0
26187,8
26188,5
26189,7
26190,2
26191,1
26192,7
26193,8
26194,5
26195,1
26196,14
26197,10
26198,0
26199,14
26200,4
26201,12
26202,3
26203,6
26204,2
26205,3
26206,2
26207,3
26208,4
26209,14
26210,8
26211,7
26212,2
26213,14
26214,4
26215,14
26216,3
26217,1
26218,9
26219,6
26220,0
26221,2
26222,1
26223,9
26224,1
26225,8
26226,1
26227,4
26228,13
26229,0
26230,4
26231,14
26232,7
26233,8
26234,8
26235,8
26236,14
26237,8
26238,2
26239,4
26240,3
26241,14
26242,4
26243,4
26244,0
26245,9
26246,2
26247,10
26248,3
26249,0
26250,5
26251,9
26252,3
26253,4
26254,0
26255,6
26256,14
26257,0
26258,10
26259,7
26260,6
26261,5
26262,2
26263,14
26264,14
26265,1
26266,5
26267,9
26268,14
26269,5
26270,1
26271,2
26272,0
26273,4
26274,4
26275,10
26276,8
26277,6
26278,2
26279,8
26280,5
26281,10
26282,7
26283,1
26284,13
26285,4
26286,0
26287,5
26288,3
26289,8
26290,5
26291,8
26292,2
26293,2
26294,11
26295,8
26296,6
26297,0
26298,14
26299,13
26300,8
26301,11
26302,5
26303,0
26304,0
26305,2
26306,2
26307,2
26308,1
26309,7
26310,7
26311,5
26312,5
26313,2
26314,0
26315,14
26316,14
26317,6
26318,4
26319,10
26320,14
26321,10
26322,5
26323,1
26324,7
26325,4
26326,2
26327,2
26328,2
26329,0
26330,0
26331,5
26332,7
26333,4
26334,9
26335,9
26336,1
26337,13
26338,13
26339,1
26340,5
26341,8
26342,2
26343,0
26344,8
26345,14
26346,10
26347,1
26348,7
26349,2
26350,4
26351,12
26352,14
26353,13
26354,0
26355,4
26356,0
26357,4
26358,14
26359,4
26360,4
26361,1
26362,8
26363,10
26364,2
26365,4
26366,5
26367,6
26368,5
26369,2
26370,13
26371,7
26372,9
26373,1
26374,3
26375,0
26376,0
26377,9
26378,13
26379,4
26380,8
26381,11
26382,6
26383,14
26384,5
26385,4
26386,13
26387,14
26388,14
26389,2
26390,5
26391,4
26392,11
26393,0
26394,4
26395,0
26396,14
26397,14
26398,4
26399,8
26400,4
26401,7
26402,1
26403,5
26404,14
26405,4
26406,4
26407,14
26408,0
26409,14
26410,5
26411,1
26412,5
26413,11
26414,11
26415,1
26416,8
26417,9
26418,10
26419,0
26420,1
26421,0
26422,2
26423,8
26424,8
26425,14
26426,1
26427,1
26428,14
26429,14
26430,4
26431,0
26432,14
26433,0
26434,8
26435,0
26436,7
26437,8
26438,2
26439,3
26440,14
26441,7
26442,2
26443,3
26444,4
26445,1
26446,5
26447,5
26448,1
26449,3
26450,5
26451,4
26452,5
26453,2
26454,13
26455,9
26456,4
26457,4
26458,2
26459,13
26460,4
26461,6
26462,8
26463,13
26464,5
26465,9
26466,4
26467,3
26468,1
26469,2
26470,5
26471,1
26472,0
26473,10
26474,5
26475,2
26476,14
26477,7
26478,0
26479,5
26480,10
26481,6
26482,0
26483,9
26484,5
26485,5
26486,4
26487,10
26488,1
26489,6
26490,10
26491,0
26492,8
26493,4
26494,5
26495,0
26496,0
26497,8
26498,2
26499,4
26500,8
26501,5
26502,5
26503,5
26504,14
26505,8
26506,2
26507,14
26508,6
26509,13
26510,2
26511,5
26512,5
26513,4
26514,4
26515,11
26516,4
26517,5
26518,1
26519,13
26520,14
26521,14
26522,5
26523,14
26524,14
26525,0
26526,10
26527,3
26528,3
26529,13
26530,5
26531,0
26532,6
26533,1
26534,6
26535,14
26536,5
26537,14
26538,4
26539,14
26540,0
26541,5
26542,5
26543,4
26544,1
26545,5
26546,1
26547,5
26548,1
26549,2
26550,5
26551,5
26552,4
26553,7
26554,2
26555,7
26556,2
26557,1
26558,5
26559,4
26560,9
26561,1
26562,6
26563,1
26564,3
26565,14
26566,0
26567,0
26568,2
26569,8
26570,4
26571,1
26572,4
26573,6
26574,1
26575,9
26576,13
26577,5
26578,4
26579,2
26580,14
26581,1
26582,1
26583,6
26584,1
26585,10
26586,2
26587,10
26588,5
26589,0
26590,5
26591,0
26592,14
26593,4
26594,2
26595,10
26596,13
26597,13
26598,14
26599,0
26600,1
26601,8
26602,5
26603,14
26604,0
26605,1
26606,5
26607,6
26608,7
26609,14
26610,14
26611,7
26612,0
26613,0
26614,1
26615,4
26616,14
26617,2
26618,3
26619,4
26620,8
26621,5
26622,10
26623,10
26624,11
26625,5
26626,8
26627,4
26628,2
26629,1
26630,5
26631,14
26632,3
26633,2
26634,10
26635,4
26636,1
26637,7
26638,13
26639,0
26640,13
26641,0
26642,1
26643,1
26644,4
26645,14
26646,1
26647,4
26648,9
26649,14
26650,14
26651,8
26652,0
26653,14
26654,14
26655,0
26656,9
26657,8
26658,9
26659,1
26660,8
26661,3
26662,7
26663,13
26664,0
26665,9
26666,0
26667,1
26668,8
26669,14
26670,1
26671,0
26672,14
26673,11
26674,13
26675,7
26676,7
26677,5
26678,0
26679,14
26680,4
26681,3
26682,3
26683,1
26684,4
26685,0
26686,4
26687,1
26688,1
26689,1
26690,1
26691,14
26692,4
26693,1
26694,1
26695,1
26696,4
26697,4
26698,1
26699,4
26700,14
26701,4
26702,8
26703,0
26704,14
26705,4
26706,4
26707,6
26708,1
26709,6
26710,13
26711,2
26712,13
26713,2
26714,13
26715,2
26716,2
26717,5
26718,14
26719,4
26720,0
26721,4
26722,0
26723,3
26724,4
26725,4
26726,5
26727,1
26728,2
26729,0
26730,1
26731,1
26732,0
26733,5
26734,6
26735,2
26736,13
26737,10
26738,7
26739,8
26740,1
26741,4
26742,8
26743,14
26744,4
26745,2
26746,6
26747,9
26748,0
26749,14
26750,5
26751,8
26752,5
26753,13
26754,2
26755,2
26756,8
26757,4
26758,4
26759,5
26760,1
26761,2
26762,5
26763,2
26764,10
26765,13
26766,6
26767,11
26768,4
26769,4
26770,8
26771,12
26772,4
26773,2
26774,14
26775,6
26776,2
26777,8
26778,0
26779,2
26780,14
26781,1
26782,1
26783,4
26784,0
26785,6
26786,6
26787,8
26788,0
26789,11
26790,0
26791,2
26792,8
26793,4
26794,4
26795,13
26796,10
26797,4
26798,0
26799,14
26800,2
26801,7
26802,10
26803,0
26804,0
26805,2
26806,3
26807,8
26808,8
26809,10
26810,1
26811,9
26812,13
26813,1
26814,0
26815,2
26816,0
26817,14
26818,11
26819,2
26820,2
26821,14
26822,5
26823,5
26824,1
26825,0
26826,0
26827,1
26828,0
26829,5
26830,0
26831,5
26832,5
26833,2
26834,6
26835,2
26836,3
26837,0
26838,13
26839,4
26840,4
26841,3
26842,0
26843,2
26844,2
26845,8
26846,7
26847,3
26848,10
26849,14
26850,4
26851,10
26852,2
26853,7
26854,8
26855,8
26856,1
26857,2
26858,4
26859,3
26860,13
26861,14
26862,4
26863,8
26864,4
26865,13
26866,8
26867,4
26868,8
26869,1
26870,8
26871,14
26872,0
26873,1
26874,2
26875,0
26876,2
26877,14
26878,5
26879,0
26880,7
26881,4
26882,2
26883,5
26884,2
26885,6
26886,1
26887,5
26888,7
26889,7
26890,7
26891,4
26892,5
26893,2
26894,7
26895,2
26896,4
26897,4
26898,13
26899,8
26900,8
26901,10
26902,5
26903,8
26904,0
26905,5
26906,1
26907,3
26908,0
26909,13
26910,2
26911,1
26912,5
26913,14
26914,10
26915,2
26916,9
26917,0
26918,14
26919,1
26920,8
26921,4
26922,14
26923,13
26924,2
26925,12
26926,13
26927,2
26928,5
26929,8
26930,2
26931,10
26932,1
26933,5
26934,4
26935,4
26936,6
26937,2
26938,14
26939,6
26940,8
26941,4
26942,2
26943,0
26944,3
26945,8
26946,14
26947,13
26948,3
26949,2
26950,8
26951,7
26952,5
26953,6
26954,2
26955,9
26956,5
26957,1
26958,0
26959,14
26960,8
26961,5
26962,4
26963,14
26964,0
26965,2
26966,10
26967,0
26968,12
26969,2
26970,11
26971,7
26972,5
26973,14
26974,4
26975,8
26976,5
26977,8
26978,0
26979,0
26980,14
26981,4
26982,5
26983,13
26984,4
26985,5
26986,1
26987,4
26988,14
26989,13
26990,13
26991,0
26992,9
26993,5
26994,1
26995,2
26996,2
26997,2
26998,5
26999,3
27000,8
27001,3
27002,3
27003,0
27004,0
27005,4
27006,8
27007,10
27008,13
27009,4
27010,2
27011,8
27012,14
27013,0
27014,5
27015,0
27016,2
27017,1
27018,4
27019,5
27020,1
27021,11
27022,3
27023,4
27024,4
27025,14
27026,2
27027,0
27028,2
27029,8
27030,4
27031,14
27032,5
27033,6
27034,0
27035,5
27036,14
27037,10
27038,4
27039,1
27040,13
27041,3
27042,4
27043,6
27044,0
27045,0
27046,1
27047,2
27048,14
27049,2
27050,5
27051,1
27052,4
27053,13
27054,0
27055,1
27056,14
27057,0
27058,5
27059,0
27060,13
27061,5
27062,11
27063,2
27064,11
27065,13
27066,0
27067,6
27068,13
27069,14
27070,13
27071,2
27072,4
27073,5
27074,1
27075,1
27076,2
27077,5
27078,2
27079,2
27080,1
27081,10
27082,0
27083,8
27084,11
27085,0
27086,12
27087,13
27088,10
27089,6
27090,0
27091,13
27092,4
27093,0
27094,14
27095,13
27096,3
27097,5
27098,6
27099,8
27100,9
27101,13
27102,9
27103,4
27104,0
27105,5
27106,4
27107,1
27108,0
27109,3
27110,14
27111,8
27112,1
27113,0
27114,3
27115,12
27116,13
27117,0
27118,13
27119,9
27120,4
27121,1
27122,5
27123,7
27124,8
27125,0
27126,0
27127,10
27128,10
27129,4
27130,4
27131,7
27132,14
27133,13
27134,1
27135,4
27136,2
27137,0
27138,10
27139,5
27140,14
27141,4
27142,0
27143,14
27144,5
27145,14
27146,6
27147,0
27148,0
27149,8
27150,14
27151,5
27152,8
27153,0
27154,8
27155,4
27156,1
27157,1
27158,3
27159,11
27160,0
27161,2
27162,8
27163,0
27164,13
27165,7
27166,9
27167,4
27168,1
27169,1
27170,2
27171,2
27172,13
27173,14
27174,12
27175,5
27176,10
27177,0
27178,1
27179,4
27180,3
27181,5
27182,10
27183,0
27184,6
27185,1
27186,0
27187,4
27188,13
27189,5
27190,10
27191,10
27192,0
27193,2
27194,11
27195,1
27196,1
27197,2
27198,12
27199,3
27200,0
27201,6
27202,14
27203,4
27204,2
27205,14
27206,14
27207,12
27208,0
27209,7
27210,4
27211,1
27212,5
27213,1
27214,1
27215,14
27216,0
27217,1
27218,10
27219,14
27220,1
27221,1
27222,14
27223,10
27224,1
27225,2
27226,13
27227,6
27228,11
27229,2
27230,7
27231,8
27232,8
27233,5
27234,4
27235,8
27236,5
27237,14
27238,14
27239,0
27240,9
27241,10
27242,14
27243,6
27244,2
27245,5
27246,2
27247,0
27248,14
27249,14
27250,13
27251,14
27252,2
27253,0
27254,7
27255,1
27256,5
27257,5
27258,0
27259,3
27260,3
27261,0
27262,4
27263,4
27264,0
27265,5
27266,4
27267,0
27268,14
27269,1
27270,4
27271,3
27272,13
27273,7
27274,9
27275,14
27276,2
27277,8
27278,2
27279,6
27280,7
27281,5
27282,4
27283,2
27284,6
27285,14
27286,1
27287,4
27288,1
27289,9
27290,0
27291,5
27292,2
27293,6
27294,0
27295,13
27296,14
27297,5
27298,13
27299,5
27300,0
27301,0
27302,0
27303,9
27304,14
27305,14
27306,8
27307,5
27308,4
27309,8
27310,2
27311,14
27312,2
27313,14
27314,14
27315,4
27316,10
27317,1
27318,3
27319,4
27320,6
27321,4
27322,14
27323,7
27324,0
27325,1
27326,2
27327,10
27328,3
27329,5
27330,14
27331,2
27332,0
27333,8
27334,8
27335,12
27336,5
27337,4
27338,4
27339,4
27340,6
27341,5
27342,8
27343,8
27344,11
27345,14
27346,14
27347,1
27348,6
27349,11
27350,14
27351,14
27352,7
27353,6
27354,6
27355,10
27356,4
27357,0
27358,13
27359,13
27360,4
27361,0
27362,8
27363,2
27364,1
27365,5
27366,0
27367,5
27368,8
27369,2
27370,6
27371,7
27372,7
27373,1
27374,5
27375,6
27376,13
27377,0
27378,5
27379,2
27380,2
27381,2
27382,6
27383,5
27384,14
27385,8
27386,6
27387,0
27388,11
27389,7
27390,14
27391,8
27392,2
27393,1
27394,0
27395,8
27396,11
27397,4
27398,7
27399,10
27400,6
27401,3
27402,2
27403,5
27404,5
27405,14
27406,2
27407,14
27408,10
27409,5
27410,7
27411,11
27412,0
27413,1
27414,5
27415,0
27416,1
27417,10
27418,5
27419,2
27420,6
27421,5
27422,7
27423,1
27424,0
27425,2
27426,2
27427,3
27428,0
27429,0
27430,11
27431,1
27432,7
27433,14
27434,8
27435,5
27436,7
27437,5
27438,4
27439,11
27440,1
27441,14
27442,14
27443,0
27444,6
27445,7
27446,6
27447,5
27448,1
27449,8
27450,4
27451,5
27452,0
27453,14
27454,5
27455,7
27456,2
27457,7
27458,10
27459,12
27460,0
27461,10
27462,0
27463,6
27464,5
27465,0
27466,1
27467,4
27468,2
27469,13
27470,6
27471,5
27472,1
27473,0
27474,10
27475,0
27476,3
27477,3
27478,6
27479,5
27480,1
27481,4
27482,3
27483,3
27484,8
27485,8
27486,13
27487,11
27488,0
27489,4
27490,4
27491,14
27492,0
27493,0
27494,0
27495,3
27496,8
27497,1
27498,4
27499,2
27500,5
27501,0
27502,1
27503,14
27504,0
27505,6
27506,1
27507,14
27508,8
27509,11
27510,4
27511,0
27512,1
27513,9
27514,6
27515,6
27516,0
27517,13
27518,2
27519,5
27520,8
27521,0
27522,2
27523,0
27524,6
27525,2
27526,0
27527,4
27528,6
27529,6
27530,0
27531,13
27532,1
27533,8
27534,1
27535,8
27536,1
27537,5
27538,3
27539,1
27540,0
27541,4
27542,5
27543,0
27544,1
27545,1
27546,8
27547,4
27548,9
27549,0
27550,14
27551,2
27552,4
27553,6
27554,8
27555,5
27556,4
27557,13
27558,2
27559,8
27560,0
27561,8
27562,4
27563,9
27564,2
27565,5
27566,0
27567,0
27568,6
27569,3
27570,4
27571,4
27572,6
27573,11
27574,4
27575,7
27576,11
27577,5
27578,4
27579,7
27580,6
27581,8
27582,14
27583,4
27584,2
27585,0
27586,0
27587,5
27588,2
27589,7
27590,10
27591,1
27592,4
27593,7
27594,0
27595,4
27596,1
27597,0
27598,2
27599,9
27600,7
27601,10
27602,6
27603,2
27604,4
27605,4
27606,12
27607,14
27608,14
27609,8
27610,13
27611,8
27612,7
27613,2
27614,4
27615,13
27616,8
27617,9
27618,0
27619,0
27620,6
27621,4
27622,9
27623,7
27624,4
27625,14
27626,13
27627,3
27628,12
27629,8
27630,4
27631,2
27632,5
27633,2
27634,0
27635,5
27636,7
27637,0
27638,8
27639,0
27640,0
27641,7
27642,5
27643,14
27644,9
27645,6
27646,5
27647,0
27648,2
27649,8
27650,13
27651,0
27652,0
27653,4
27654,2
27655,2
27656,12
27657,4
27658,4
27659,2
27660,11
27661,1
27662,4
27663,5
27664,11
27665,2
27666,1
27667,10
27668,2
27669,3
27670,1
27671,13
27672,2
27673,11
27674,5
27675,11
27676,7
27677,13
27678,10
27679,13
27680,2
27681,5
27682,8
27683,14
27684,6
27685,10
27686,0
27687,2
27688,0
27689,1
27690,3
27691,7
27692,7
27693,8
27694,5
27695,4
27696,13
27697,1
27698,0
27699,4
27700,13
27701,2
27702,0
27703,5
27704,4
27705,4
27706,2
27707,6
27708,14
27709,8
27710,2
27711,14
27712,2
27713,14
27714,1
27715,11
27716,6
27717,4
27718,4
27719,5
27720,1
27721,5
27722,0
27723,4
27724,9
27725,4
27726,1
27727,4
27728,2
27729,4
27730,4
27731,13
27732,14
27733,5
27734,4
27735,12
27736,5
27737,6
27738,13
27739,4
27740,2
27741,6
27742,2
27743,2
27744,3
27745,11
27746,4
27747,0
27748,2
27749,14
27750,2
27751,1
27752,2
27753,13
27754,13
27755,0
27756,14
27757,6
27758,4
27759,8
27760,2
27761,10
27762,14
27763,1
27764,5
27765,8
27766,1
27767,0
27768,5
27769,12
27770,14
27771,3
27772,1
27773,6
27774,0
27775,4
27776,5
27777,4
27778,10
27779,8
27780,14
27781,3
27782,2
27783,1
27784,9
27785,1
27786,4
27787,5
27788,1
27789,14
27790,5
27791,2
27792,14
27793,2
27794,4
27795,8
27796,4
27797,3
27798,6
27799,10
27800,0
27801,0
27802,0
27803,11
27804,2
27805,8
27806,4
27807,1
27808,6
27809,0
27810,6
27811,1
27812,2
27813,3
27814,4
27815,4
27816,4
27817,13
27818,13
27819,0
27820,4
27821,8
27822,0
27823,4
27824,5
27825,1
27826,1
27827,3
27828,2
27829,1
27830,6
27831,2
27832,5
27833,1
27834,8
27835,9
27836,5
27837,8
27838,6
27839,2
27840,0
27841,0
27842,3
27843,13
27844,9
27845,1
27846,10
27847,2
27848,4
27849,5
27850,4
27851,14
27852,1
27853,0
27854,4
27855,0
27856,4
27857,4
27858,7
27859,5
27860,0
27861,2
27862,0
27863,13
27864,3
27865,0
27866,8
27867,14
27868,13
27869,11
27870,14
27871,0
27872,10
27873,5
27874,14
27875,0
27876,0
27877,6
27878,1
27879,9
27880,2
27881,0
27882,8
27883,0
27884,6
27885,4
27886,5
27887,7
27888,6
27889,14
27890,4
27891,12
27892,13
27893,3
27894,2
27895,1
27896,3
27897,1
27898,0
27899,0
27900,11
27901,2
27902,5
27903,8
27904,8
27905,0
27906,3
27907,1
27908,3
27909,5
27910,13
27911,4
27912,6
27913,0
27914,1
27915,4
27916,14
27917,4
27918,0
27919,8
27920,4
27921,2
27922,2
27923,14
27924,10
27925,11
27926,0
27927,2
27928,5
27929,14
27930,2
27931,11
27932,14
27933,8
27934,2
27935,10
27936,2
27937,5
27938,1
27939,0
27940,5
27941,7
27942,8
27943,9
27944,13
27945,1
27946,0
27947,2
27948,2
27949,11
27950,4
27951,14
27952,1
27953,3
27954,2
27955,5
27956,10
27957,2
27958,13
27959,8
27960,8
27961,14
27962,4
27963,5
27964,10
27965,8
27966,5
27967,4
27968,5
27969,2
27970,1
27971,0
27972,13
27973,3
27974,8
27975,1
27976,5
27977,11
27978,1
27979,2
27980,3
27981,1
27982,5
27983,5
27984,2
27985,14
27986,14
27987,8
27988,1
27989,6
27990,5
27991,8
27992,1
27993,8
27994,7
27995,10
27996,13
27997,8
27998,14
27999,1
28000,13
28001,0
28002,0
28003,4
28004,8
28005,14
28006,14
28007,2
28008,5
28009,5
28010,5
28011,1
28012,14
28013,7
28014,1
28015,8
28016,0
28017,4
28018,7
28019,1
28020,1
28021,1
28022,0
28023,8
28024,13
28025,13
28026,1
28027,0
28028,5
28029,4
28030,5
28031,2
28032,8
28033,0
28034,12
28035,6
28036,6
28037,0
28038,4
28039,3
28040,2
28041,3
28042,2
28043,1
28044,11
28045,1
28046,10
28047,7
28048,11
28049,5
28050,14
28051,1
28052,0
28053,9
28054,11
28055,7
28056,0
28057,2
28058,0
28059,2
28060,0
28061,1
28062,2
28063,14
28064,7
28065,4
28066,2
28067,9
28068,3
28069,1
28070,11
28071,1
28072,4
28073,12
28074,13
28075,0
28076,4
28077,14
28078,14
28079,2
28080,2
28081,1
28082,3
28083,7
28084,5
28085,8
28086,13
28087,14
28088,2
28089,0
28090,1
28091,11
28092,11
28093,2
28094,0
28095,1
28096,8
28097,3
28098,0
28099,8
28100,14
28101,1
28102,0
28103,1
28104,5
28105,7
28106,4
28107,5
28108,14
28109,14
28110,6
28111,14
28112,8
28113,8
28114,8
28115,9
28116,8
28117,5
28118,14
28119,0
28120,5
28121,5
28122,14
28123,3
28124,2
28125,8
28126,4
28127,4
28128,1
28129,2
28130,0
28131,4
28132,7
28133,5
28134,1
28135,0
28136,0
28137,5
28138,14
28139,0
28140,5
28141,0
28142,1
28143,6
28144,1
28145,10
28146,0
28147,8
28148,8
28149,11
28150,14
28151,2
28152,1
28153,14
28154,2
28155,5
28156,8
28157,4
28158,1
28159,2
28160,4
28161,0
28162,4
28163,8
28164,6
28165,11
28166,1
28167,5
28168,8
28169,6
28170,1
28171,14
28172,11
28173,4
28174,6
28175,3
28176,0
28177,8
28178,1
28179,8
28180,0
28181,0
28182,5
28183,0
28184,4
28185,13
28186,5
28187,0
28188,1
28189,0
28190,5
28191,5
28192,5
28193,14
28194,14
28195,4
28196,0
28197,9
28198,4
28199,14
28200,4
28201,13
28202,0
28203,13
28204,14
28205,8
28206,5
28207,0
28208,14
28209,2
28210,13
28211,1
28212,2
28213,2
28214,10
28215,14
28216,0
28217,8
28218,5
28219,11
28220,0
28221,10
28222,14
28223,2
28224,2
28225,7
28226,0
28227,2
28228,14
28229,4
28230,10
28231,2
28232,5
28233,8
28234,3
28235,2
28236,5
28237,0
28238,8
28239,2
28240,1
28241,1
28242,6
28243,5
28244,3
28245,5
28246,14
28247,14
28248,14
28249,0
28250,2
28251,4
28252,6
28253,5
28254,4
28255,2
28256,6
28257,4
28258,2
28259,11
28260,14
28261,14
28262,6
28263,10
28264,8
28265,14
28266,2
28267,1
28268,9
28269,8
28270,14
28271,5
28272,0
28273,2
28274,3
28275,9
28276,8
28277,5
28278,6
28279,4
28280,1
28281,8
28282,11
28283,1
28284,1
28285,8
28286,10
28287,6
28288,0
28289,5
28290,5
28291,6
28292,4
28293,9
28294,8
28295,5
28296,3
28297,13
28298,7
28299,4
28300,7
28301,5
28302,2
28303,3
28304,3
28305,3
28306,0
28307,4
28308,4
28309,5
28310,1
28311,10
28312,2
28313,14
28314,14
28315,4
28316,4
28317,3
28318,1
28319,11
28320,0
28321,4
28322,0
28323,2
28324,4
28325,4
28326,4
28327,3
28328,14
28329,5
28330,4
28331,0
28332,4
28333,6
28334,14
28335,4
28336,0
28337,1
28338,14
28339,0
28340,5
28341,8
28342,6
28343,4
28344,0
28345,10
28346,8
28347,0
28348,14
28349,8
28350,13
28351,0
28352,14
28353,3
28354,10
28355,4
28356,0
28357,4
28358,5
28359,1
28360,0
28361,5
28362,0
28363,14
28364,8
28365,5
28366,10
28367,3
28368,5
28369,5
28370,8
28371,4
28372,1
28373,9
28374,8
28375,4
28376,4
28377,14
28378,8
28379,5
28380,0
28381,1
28382,0
28383,1
28384,2
28385,0
28386,0
28387,1
28388,2
28389,6
28390,4
28391,8
28392,1
28393,1
28394,6
28395,13
28396,14
28397,7
28398,11
28399,4
28400,14
28401,4
28402,8
28403,2
28404,7
28405,14
28406,4
28407,7
28408,3
28409,8
28410,10
28411,6
28412,7
28413,0
28414,8
28415,5
28416,5
28417,4
28418,1
28419,2
28420,6
28421,7
28422,3
28423,3
28424,11
28425,5
28426,5
28427,0
28428,2
28429,11
28430,4
28431,6
28432,0
28433,2
28434,0
28435,4
28436,8
28437,8
28438,8
28439,6
28440,8
28441,0
28442,5
28443,5
28444,0
28445,1
28446,4
28447,14
28448,5
28449,5
28450,0
28451,8
28452,3
28453,9
28454,0
28455,1
28456,2
28457,2
28458,0
28459,13
28460,5
28461,5
28462,4
28463,13
28464,8
28465,4
28466,4
28467,0
28468,0
28469,5
28470,2
28471,0
28472,4
28473,1
28474,0
28475,6
28476,1
28477,9
28478,6
28479,2
28480,14
28481,3
28482,13
28483,6
28484,3
28485,11
28486,5
28487,11
28488,1
28489,10
28490,4
28491,3
28492,8
28493,8
28494,14
28495,7
28496,5
28497,1
28498,5
28499,2
28500,5
28501,1
28502,1
28503,10
28504,7
28505,0
28506,11
28507,1
28508,5
28509,0
28510,6
28511,3
28512,9
28513,9
28514,3
28515,14
28516,5
28517,0
28518,14
28519,2
28520,1
28521,4
28522,8
28523,4
28524,4
28525,4
28526,8
28527,6
28528,4
28529,2
28530,5
28531,6
28532,0
28533,10
28534,2
28535,9
28536,10
28537,0
28538,10
28539,5
28540,2
28541,14
28542,2
28543,14
28544,14
28545,3
28546,14
28547,4
28548,14
28549,14
28550,14
28551,11
28552,2
28553,14
28554,13
28555,3
28556,3
28557,13
28558,4
28559,2
28560,0
28561,13
28562,8
28563,13
28564,14
28565,8
28566,10
28567,4
28568,5
28569,5
28570,14
28571,7
28572,7
28573,4
28574,14
28575,8
28576,14
28577,1
28578,2
28579,1
28580,4
28581,4
28582,3
28583,14
28584,6
28585,0
28586,14
28587,0
28588,8
28589,7
28590,4
28591,14
28592,14
28593,5
28594,9
28595,5
28596,0
28597,3
28598,9
28599,10
28600,12
28601,14
28602,2
28603,7
28604,0
28605,4
28606,8
28607,7
28608,9
28609,5
28610,2
28611,11
28612,2
28613,8
28614,1
28615,9
28616,3
28617,8
28618,5
28619,5
28620,1
28621,5
28622,4
28623,0
28624,2
28625,10
28626,7
28627,1
28628,1
28629,0
28630,1
28631,14
28632,0
28633,4
28634,0
28635,4
28636,5
28637,5
28638,6
28639,2
28640,8
28641,1
28642,2
28643,11
28644,14
28645,4
28646,9
28647,1
28648,0
28649,14
28650,5
28651,0
28652,4
28653,2
28654,10
28655,2
28656,13
28657,1
28658,1
28659,14
28660,5
28661,12
28662,6
28663,2
28664,1
28665,1
28666,1
28667,14
28668,13
28669,2
28670,10
28671,14
28672,1
28673,2
28674,2
28675,0
28676,0
28677,13
28678,6
28679,7
28680,1
28681,11
28682,14
28683,2
28684,0
28685,6
28686,10
28687,13
28688,2
28689,1
28690,9
28691,14
28692,8
28693,4
28694,4
28695,14
28696,3
28697,7
28698,14
28699,13
28700,4
28701,2
28702,2
28703,2
28704,14
28705,1
28706,2
28707,12
28708,4
28709,14
28710,1
28711,8
28712,13
28713,14
28714,2
28715,3
28716,0
28717,3
28718,2
28719,3
28720,1
28721,1
28722,0
28723,6
28724,2
28725,3
28726,2
28727,11
28728,13
28729,4
28730,7
28731,4
28732,6
28733,4
28734,3
28735,5
28736,4
28737,7
28738,14
28739,4
28740,5
28741,0
28742,5
28743,7
28744,4
28745,2
28746,9
28747,8
28748,1
28749,0
28750,1
28751,10
28752,4
28753,2
28754,2
28755,7
28756,14
28757,14
28758,14
28759,8
28760,4
28761,14
28762,8
28763,2
28764,2
28765,4
28766,6
28767,2
28768,7
28769,8
28770,13
28771,3
28772,14
28773,0
28774,4
28775,2
28776,6
28777,11
28778,1
28779,1
28780,7
28781,8
28782,14
28783,12
28784,10
28785,5
28786,5
28787,1
28788,5
28789,2
28790,10
28791,2
28792,0
28793,0
28794,5
28795,4
28796,2
28797,14
28798,14
28799,0
28800,10
28801,1
28802,2
28803,7
28804,14
28805,4
28806,13
28807,4
28808,11
28809,0
28810,2
28811,0
28812,2
28813,3
28814,14
28815,4
28816,7
28817,1
28818,14
28819,5
28820,4
28821,5
28822,0
28823,1
28824,4
28825,0
28826,8
28827,4
28828,2
28829,1
28830,14
28831,0
28832,0
28833,13
28834,13
28835,6
28836,2
28837,4
28838,14
28839,4
28840,2
28841,6
28842,0
28843,9
28844,12
28845,2
28846,6
28847,5
28848,11
28849,8
28850,1
28851,2
28852,14
28853,4
28854,1
28855,11
28856,0
28857,0
28858,14
28859,1
28860,1
28861,5
28862,4
28863,8
28864,9
28865,4
28866,4
28867,13
28868,0
28869,14
28870,8
28871,2
28872,14
28873,3
28874,2
28875,14
28876,7
28877,8
28878,6
28879,14
28880,2
28881,5
28882,5
28883,0
28884,11
28885,14
28886,2
28887,4
28888,2
28889,0
28890,1
28891,0
28892,1
28893,11
28894,5
28895,11
28896,5
28897,0
28898,9
28899,2
28900,13
28901,6
28902,0
28903,3
28904,5
28905,14
28906,1
28907,14
28908,0
28909,4
28910,3
28911,5
28912,8
28913,7
28914,0
28915,7
28916,1
28917,8
28918,13
28919,0
28920,1
28921,3
28922,7
28923,5
28924,8
28925,5
28926,5
28927,0
28928,4
28929,5
28930,2
28931,4
28932,14
28933,4
28934,4
28935,10
28936,2
28937,4
28938,14
28939,7
28940,0
28941,6
28942,14
28943,5
28944,8
28945,5
28946,4
28947,11
28948,4
28949,6
28950,13
28951,12
28952,2
28953,14
28954,5
28955,0
28956,5
28957,11
28958,8
28959,2
28960,14
28961,0
28962,2
28963,7
28964,3
28965,14
28966,0
28967,0
28968,6
28969,5
28970,4
28971,14
28972,1
28973,14
28974,5
28975,4
28976,13
28977,0
28978,2
28979,0
28980,4
28981,4
28982,1
28983,3
28984,8
28985,2
28986,9
28987,4
28988,6
28989,4
28990,10
28991,6
28992,1
28993,4
28994,0
28995,5
28996,0
28997,1
28998,1
28999,10
29000,14
29001,6
29002,0
29003,2
29004,10
29005,14
29006,4
29007,2
29008,4
29009,8
29010,8
29011,0
29012,2
29013,1
29014,0
29015,14
29016,0
29017,14
29018,2
29019,0
29020,5
29021,2
29022,10
29023,10
29024,14
29025,11
29026,2
29027,2
29028,13
29029,13
29030,0
29031,4
29032,0
29033,1
29034,14
29035,4
29036,6
29037,8
29038,1
29039,0
29040,5
29041,8
29042,6
29043,8
29044,4
29045,2
29046,13
29047,5
29048,0
29049,14
29050,0
29051,0
29052,8
29053,0
29054,0
29055,9
29056,5
29057,7
29058,5
29059,1
29060,5
29061,2
29062,4
29063,2
29064,5
29065,0
29066,1
29067,13
29068,4
29069,3
29070,6
29071,12
29072,1
29073,11
29074,13
29075,14
29076,8
29077,8
29078,0
29079,14
29080,4
29081,3
29082,0
29083,1
29084,2
29085,4
29086,4
29087,9
29088,2
29089,4
29090,5
29091,7
29092,2
29093,5
29094,8
29095,7
29096,2
29097,1
29098,14
29099,2
29100,5
29101,10
29102,14
29103,4
29104,9
29105,10
29106,1
29107,7
29108,14
29109,14
29110,4
29111,1
29112,5
29113,11
29114,3
29115,0
29116,8
29117,2
29118,1
29119,4
29120,2
29121,4
29122,3
29123,13
29124,5
29125,5
29126,2
29127,8
29128,4
29129,6
29130,5
29131,5
29132,5
29133,4
29134,2
29135,5
29136,3
29137,2
29138,10
29139,1
29140,1
29141,2
29142,3
29143,8
29144,1
29145,4
29146,14
29147,7
29148,1
29149,1
29150,1
29151,1
29152,0
29153,5
29154,0
29155,14
29156,2
29157,14
29158,12
29159,1
29160,6
29161,13
29162,0
29163,5
29164,9
29165,11
29166,1
29167,14
29168,8
29169,0
29170,4
29171,13
29172,14
29173,2
29174,7
29175,7
29176,5
29177,1
29178,9
29179,5
29180,13
29181,5
29182,2
29183,8
29184,13
29185,14
29186,9
29187,4
29188,5
29189,5
29190,8
29191,0
29192,1
29193,7
29194,14
29195,2
29196,8
29197,0
29198,7
29199,3
29200,10
29201,2
29202,8
29203,8
29204,14
29205,4
29206,2
29207,14
29208,13
29209,5
29210,2
29211,3
29212,6
29213,1
29214,14
29215,0
29216,2
29217,1
29218,13
29219,13
29220,7
29221,6
29222,14
29223,5
29224,3
29225,8
29226,3
29227,10
29228,6
29229,14
29230,4
29231,0
29232,14
29233,3
29234,5
29235,0
29236,5
29237,5
29238,1
29239,3
29240,1
29241,11
29242,11
29243,4
29244,0
29245,6
29246,10
29247,2
29248,7
29249,2
29250,2
29251,0
29252,1
29253,0
29254,5
29255,5
29256,8
29257,4
29258,7
29259,9
29260,6
29261,7
29262,5
29263,0
29264,3
29265,13
29266,14
29267,12
29268,2
29269,0
29270,4
29271,6
29272,0
29273,1
29274,4
29275,4
29276,2
29277,0
29278,7
29279,10
29280,2
29281,7
29282,14
29283,4
29284,1
29285,8
29286,4
29287,3
29288,4
29289,0
29290,2
29291,4
29292,7
29293,1
29294,11
29295,1
29296,10
29297,13
29298,5
29299,2
29300,2
29301,3
29302,8
29303,4
29304,8
29305,10
29306,2
29307,9
29308,4
29309,0
29310,4
29311,6
29312,4
29313,8
29314,8
29315,14
29316,6
29317,5
29318,14
29319,9
29320,14
29321,7
29322,14
29323,4
29324,0
29325,2
29326,6
29327,13
29328,0
29329,2
29330,2
29331,5
29332,4
29333,4
29334,0
29335,4
29336,2
29337,2
29338,4
29339,0
29340,7
29341,11
29342,1
29343,4
29344,3
29345,5
29346,5
29347,1
29348,1
29349,1
29350,0
29351,8
29352,6
29353,2
29354,8
29355,1
29356,13
29357,14
29358,5
29359,10
29360,1
29361,4
29362,2
29363,1
29364,1
29365,9
29366,1
29367,1
29368,3
29369,13
29370,6
29371,13
29372,4
29373,4
29374,2
29375,4
29376,0
29377,12
29378,13
29379,4
29380,1
29381,2
29382,1
29383,4
29384,6
29385,3
29386,13
29387,14
29388,0
29389,2
29390,6
29391,4
29392,4
29393,5
29394,7
29395,6
29396,14
29397,13
29398,2
29399,14
29400,0
29401,13
29402,10
29403,3
29404,2
29405,2
29406,14
29407,2
29408,14
29409,4
29410,2
29411,7
29412,6
29413,10
29414,13
29415,1
29416,14
29417,3
29418,2
29419,13
29420,2
29421,6
29422,6
29423,4
29424,10
29425,3
29426,9
29427,2
29428,2
29429,5
29430,1
29431,2
29432,5
29433,4
29434,8
29435,2
29436,2
29437,5
29438,7
29439,4
29440,2
29441,3
29442,0
29443,9
29444,8
29445,1
29446,3
29447,14
29448,1
29449,0
29450,10
29451,9
29452,7
29453,0
29454,0
29455,8
29456,4
29457,3
29458,3
29459,1
29460,9
29461,7
29462,2
29463,3
29464,5
29465,2
29466,8
29467,14
29468,2
29469,6
29470,7
29471,0
29472,3
29473,5
29474,2
29475,4
29476,8
29477,3
29478,2
29479,5
29480,0
29481,8
29482,4
29483,10
29484,2
29485,11
29486,1
29487,2
29488,8
29489,9
29490,2
29491,11
29492,10
29493,1
29494,5
29495,6
29496,8
29497,5
29498,13
29499,6
29500,0
29501,13
29502,5
29503,5
29504,5
29505,3
29506,7
29507,9
29508,5
29509,0
29510,3
29511,4
29512,14
29513,11
29514,8
29515,3
29516,14
29517,14
29518,4
29519,14
29520,10
29521,13
29522,1
29523,13
29524,1
29525,7
29526,6
29527,0
29528,4
29529,3
29530,3
29531,14
29532,8
29533,3
29534,3
29535,2
29536,4
29537,0
29538,0
29539,0
29540,1
29541,0
29542,0
29543,3
29544,0
29545,7
29546,14
29547,14
29548,6
29549,14
29550,2
29551,1
29552,4
29553,4
29554,2
29555,0
29556,1
29557,8
29558,8
29559,2
29560,0
29561,11
29562,10
29563,2
29564,8
29565,5
29566,2
29567,2
29568,0
29569,0
29570,13
29571,3
29572,13
29573,8
29574,8
29575,9
29576,4
29577,2
29578,6
29579,4
29580,5
29581,0
29582,3
29583,3
29584,2
29585,5
29586,14
29587,4
29588,14
29589,0
29590,2
29591,2
29592,3
29593,11
29594,2
29595,0
29596,5
29597,5
29598,13
29599,3
29600,1
29601,2
29602,8
29603,8
29604,5
29605,0
29606,5
29607,0
29608,8
29609,4
29610,3
29611,5
29612,0
29613,14
29614,9
29615,8
29616,2
29617,0
29618,7
29619,9
29620,4
29621,13
29622,8
29623,6
29624,5
29625,1
29626,1
29627,8
29628,14
29629,7
29630,0
29631,4
29632,0
29633,14
29634,11
29635,4
29636,2
29637,6
29638,5
29639,2
29640,4
29641,14
29642,2
29643,13
29644,4
29645,4
29646,3
29647,10
29648,14
29649,5
29650,5
29651,3
29652,0
29653,7
29654,5
29655,0
29656,11
29657,7
29658,0
29659,10
29660,11
29661,3
29662,14
29663,3
29664,14
29665,4
29666,5
29667,0
29668,11
29669,8
29670,7
29671,1
29672,3
29673,13
29674,0
29675,4
29676,3
29677,8
29678,1
29679,0
29680,0
29681,4
29682,5
29683,8
29684,8
29685,3
29686,11
29687,1
29688,7
29689,2
29690,13
29691,8
29692,2
29693,4
29694,7
29695,5
29696,7
29697,5
29698,10
29699,5
29700,1
29701,0
29702,0
29703,14
29704,0
29705,10
29706,13
29707,2
29708,14
29709,8
29710,8
29711,6
29712,1
29713,5
29714,8
29715,0
29716,10
29717,14
29718,13
29719,0
29720,0
29721,4
29722,7
29723,0
29724,3
29725,2
29726,1
29727,1
29728,13
29729,4
29730,4
29731,6
29732,2
29733,0
29734,2
29735,3
29736,14
29737,14
29738,8
29739,2
29740,6
29741,13
29742,7
29743,8
29744,2
29745,0
29746,11
29747,14
29748,1
29749,6
29750,13
29751,7
29752,0
29753,1
29754,0
29755,10
29756,5
29757,14
29758,2
29759,14
29760,1
29761,2
29762,4
29763,8
29764,14
29765,5
29766,9
29767,4
29768,6
29769,1
29770,0
29771,8
29772,4
29773,13
29774,7
29775,4
29776,6
29777,0
29778,6
29779,11
29780,0
29781,9
29782,6
29783,5
29784,5
29785,9
29786,14
29787,1
29788,10
29789,13
29790,14
29791,8
29792,4
29793,1
29794,14
29795,8
29796,2
29797,5
29798,13
29799,2
29800,8
29801,3
29802,2
29803,4
29804,1
29805,10
29806,0
29807,4
29808,13
29809,7
29810,0
29811,4
29812,11
29813,4
29814,4
29815,10
29816,0
29817,7
29818,4
29819,4
29820,10
29821,0
29822,1
29823,1
29824,11
29825,7
29826,14
29827,5
29828,8
29829,2
29830,14
29831,3
29832,5
29833,5
29834,0
29835,2
29836,2
29837,2
29838,5
29839,1
29840,14
29841,4
29842,9
29843,0
29844,4
29845,13
29846,0
29847,5
29848,0
29849,14
29850,6
29851,13
29852,4
29853,13
29854,14
29855,1
29856,6
29857,0
29858,14
29859,8
29860,1
29861,4
29862,13
29863,5
29864,0
29865,2
29866,5
29867,13
29868,8
29869,4
29870,2
29871,4
29872,13
29873,14
29874,1
29875,8
29876,14
29877,5
29878,2
29879,1
29880,5
29881,6
29882,7
29883,14
29884,0
29885,6
29886,4
29887,5
29888,5
29889,6
29890,6
29891,8
29892,5
29893,12
29894,2
29895,7
29896,4
29897,4
29898,5
29899,4
29900,6
29901,4
29902,11
29903,4
29904,12
29905,5
29906,14
29907,8
29908,0
29909,14
29910,6
29911,5
29912,2
29913,2
29914,4
29915,0
29916,3
29917,4
29918,4
29919,2
29920,7
29921,3
29922,1
29923,4
29924,0
29925,2
29926,12
29927,6
29928,5
29929,7
29930,3
29931,2
29932,9
29933,5
29934,1
29935,12
29936,5
29937,14
29938,1
29939,6
29940,2
29941,10
29942,5
29943,0
29944,6
29945,4
29946,7
29947,1
29948,3
29949,0
29950,3
29951,5
29952,5
29953,2
29954,6
29955,8
29956,2
29957,8
29958,0
29959,4
29960,5
29961,2
29962,10
29963,14
29964,14
29965,5
29966,1
29967,7
29968,0
29969,4
29970,4
29971,4
29972,5
29973,6
29974,14
29975,2
29976,3
29977,4
29978,4
29979,0
29980,0
29981,5
29982,0
29983,14
29984,2
29985,14
29986,1
29987,1
29988,1
29989,0
29990,8
29991,13
29992,4
29993,14
29994,7
29995,8
29996,1
29997,7
29998,4
29999,1
30000,4
30001,1
30002,8
30003,14
30004,14
30005,4
30006,7
30007,5
30008,3
30009,4
30010,6
30011,0
30012,14
30013,8
30014,0
30015,0
30016,13
30017,10
30018,11
30019,8
30020,5
30021,8
30022,13
30023,2
30024,0
30025,2
30026,5
30027,5
30028,4
30029,0
30030,7
30031,6
30032,0
30033,0
30034,2
30035,5
30036,9
30037,10
30038,4
30039,0
30040,2
30041,13
30042,3
30043,5
30044,14
30045,3
30046,14
30047,13
30048,11
30049,10
30050,4
30051,13
30052,2
30053,7
30054,4
30055,2
30056,5
30057,8
30058,4
30059,7
30060,8
30061,0
30062,1
30063,7
30064,0
30065,5
30066,3
30067,4
30068,0
30069,13
30070,3
30071,2
30072,6
30073,8
30074,10
30075,13
30076,2
30077,2
30078,5
30079,4
30080,8
30081,13
30082,1
30083,7
30084,13
30085,3
30086,5
30087,6
30088,4
30089,2
30090,1
30091,5
30092,2
30093,14
30094,0
30095,3
30096,9
30097,7
30098,5
30099,9
30100,3
30101,3
30102,6
30103,3
30104,2
30105,1
30106,0
30107,0
30108,3
30109,5
30110,10
30111,14
30112,4
30113,4
30114,5
30115,9
30116,8
30117,6
30118,0
30119,13
30120,2
30121,2
30122,0
30123,0
30124,4
30125,3
30126,3
30127,13
30128,8
30129,5
30130,4
30131,13
30132,2
30133,14
30134,1
30135,6
30136,8
30137,1
30138,14
30139,9
30140,8
30141,0
30142,0
30143,1
30144,13
30145,9
30146,4
30147,2
30148,13
30149,5
30150,14
30151,2
30152,8
30153,13
30154,7
30155,5
30156,3
30157,4
30158,5
30159,9
30160,8
30161,2
30162,0
30163,1
30164,2
30165,7
30166,14
30167,5
30168,5
30169,8
30170,9
30171,14
30172,14
30173,0
30174,9
30175,14
30176,13
30177,2
30178,5
30179,13
30180,3
30181,11
30182,10
30183,9
30184,5
30185,10
30186,5
30187,1
30188,2
30189,2
30190,9
30191,6
30192,4
30193,5
30194,7
30195,5
30196,4
30197,4
30198,13
30199,12
30200,14
30201,3
30202,14
30203,4
30204,4
30205,8
30206,3
30207,4
30208,8
30209,8
30210,11
30211,0
30212,6
30213,14
30214,2
30215,7
30216,14
30217,5
30218,6
30219,3
30220,2
30221,3
30222,5
30223,1
30224,6
30225,0
30226,2
30227,4
30228,7
30229,7
30230,3
30231,7
30232,7
30233,0
30234,4
30235,14
30236,1
30237,4
30238,3
30239,2
30240,1
30241,12
30242,2
30243,0
30244,14
30245,0
30246,2
30247,13
30248,10
30249,8
30250,2
30251,2
30252,5
30253,2
30254,7
30255,5
30256,13
30257,14
30258,9
30259,2
30260,0
30261,4
30262,7
30263,4
30264,14
30265,14
30266,5
30267,1
30268,1
30269,1
30270,0
30271,5
30272,5
30273,6
30274,2
30275,14
30276,11
30277,4
30278,2
30279,0
30280,0
30281,2
30282,4
30283,14
30284,5
30285,6
30286,3
30287,4
30288,14
30289,4
30290,3
30291,5
30292,14
30293,4
30294,6
30295,1
30296,0
30297,4
30298,10
30299,4
30300,0
30301,2
30302,1
30303,5
30304,1
30305,0
30306,6
30307,12
30308,10
30309,0
30310,0
30311,10
30312,4
30313,6
30314,5
30315,12
30316,14
30317,4
30318,1
30319,2
30320,8
30321,6
30322,0
30323,8
30324,14
30325,14
30326,4
30327,0
30328,10
30329,2
30330,1
30331,3
30332,8
30333,4
30334,8
30335,0
30336,0
30337,7
30338,7
30339,4
30340,14
30341,13
30342,4
30343,11
30344,4
30345,4
30346,14
30347,9
30348,7
30349,0
30350,1
30351,0
30352,14
30353,0
30354,8
30355,4
30356,14
30357,2
30358,1
30359,11
30360,5
30361,1
30362,4
30363,10
30364,14
30365,9
30366,14
30367,14
30368,1
30369,7
30370,2
30371,0
30372,5
30373,5
30374,1
30375,1
30376,2
30377,0
30378,7
30379,5
30380,4
30381,8
30382,14
30383,8
30384,10
30385,14
30386,0
30387,1
30388,14
30389,14
30390,4
30391,3
30392,5
30393,8
30394,3
30395,11
30396,3
30397,13
30398,11
30399,2
30400,3
30401,0
30402,6
30403,8
30404,5
30405,4
30406,4
30407,4
30408,4
30409,9
30410,5
30411,0
30412,2
30413,1
30414,14
30415,2
30416,4
30417,0
30418,4
30419,1
30420,13
30421,4
30422,0
30423,4
30424,0
30425,4
30426,7
30427,6
30428,14
30429,2
30430,5
30431,11
30432,1
30433,8
30434,13
30435,1
30436,2
30437,13
30438,6
30439,8
30440,13
30441,5
30442,3
30443,4
30444,14
30445,1
30446,0
30447,14
30448,10
30449,4
30450,7
30451,4
30452,14
30453,0
30454,0
30455,6
30456,13
30457,2
30458,2
30459,14
30460,14
30461,2
30462,4
30463,4
30464,1
30465,4
30466,0
30467,4
30468,1
30469,2
30470,14
30471,0
30472,6
30473,8
30474,14
30475,14
30476,2
30477,0
30478,5
30479,0
30480,14
30481,1
30482,8
30483,8
30484,8
30485,10
30486,10
30487,2
30488,6
30489,1
30490,10
30491,13
30492,14
30493,1
30494,2
30495,0
30496,8
30497,4
30498,6
30499,4
30500,9
30501,8
30502,3
30503,8
30504,5
30505,0
30506,14
30507,3
30508,14
30509,1
30510,7
30511,14
30512,4
30513,4
30514,14
30515,7
30516,4
30517,5
30518,0
30519,13
30520,4
30521,4
30522,14
30523,14
30524,8
30525,5
30526,5
30527,8
30528,2
30529,1
30530,11
30531,1
30532,8
30533,3
30534,14
30535,4
30536,0
30537,5
30538,2
30539,10
30540,1
30541,3
30542,4
30543,2
30544,4
30545,5
30546,0
30547,5
30548,2
30549,1
30550,5
30551,14
30552,5
30553,5
30554,2
30555,10
30556,3
30557,1
30558,1
30559,13
30560,2
30561,5
30562,13
30563,2
30564,2
30565,1
30566,6
30567,0
30568,4
30569,6
30570,4
30571,14
30572,3
30573,0
30574,13
30575,5
30576,5
30577,3
30578,13
30579,0
30580,2
30581,14
30582,11
30583,4
30584,0
30585,0
30586,2
30587,6
30588,2
30589,1
30590,7
30591,5
30592,8
30593,0
30594,14
30595,5
30596,5
30597,10
30598,0
30599,6
30600,1
30601,6
30602,10
30603,1
30604,5
30605,5
30606,7
30607,2
30608,2
30609,5
30610,4
30611,4
30612,0
30613,1
30614,14
30615,4
30616,0
30617,4
30618,1
30619,11
30620,5
30621,2
30622,4
30623,6
30624,4
30625,2
30626,0
30627,2
30628,2
30629,11
30630,14
30631,6
30632,5
30633,10
30634,4
30635,8
30636,4
30637,0
30638,4
30639,7
30640,2
30641,0
30642,1
30643,10
30644,12
30645,11
30646,5
30647,13
30648,5
30649,7
30650,8
30651,2
30652,1
30653,13
30654,4
30655,6
30656,0
30657,9
30658,2
30659,0
30660,12
30661,0
30662,11
30663,2
30664,5
30665,5
30666,4
30667,4
30668,6
30669,11
30670,8
30671,5
30672,1
30673,9
30674,9
30675,13
30676,0
30677,14
30678,10
30679,2
30680,5
30681,8
30682,10
30683,1
30684,14
30685,2
30686,5
30687,2
30688,2
30689,13
30690,0
30691,1
30692,12
30693,14
30694,1
30695,1
30696,3
30697,0
30698,2
30699,3
30700,14
30701,4
30702,14
30703,7
30704,10
30705,1
30706,7
30707,8
30708,2
30709,2
30710,4
30711,4
30712,14
30713,8
30714,14
30715,4
30716,4
30717,1
30718,4
30719,2
30720,12
30721,8
30722,4
30723,2
30724,4
30725,5
30726,0
30727,7
30728,4
30729,1
30730,0
30731,2
30732,1
30733,14
30734,14
30735,5
30736,13
30737,2
30738,0
30739,2
30740,0
30741,5
30742,11
30743,8
30744,8
30745,6
30746,2
30747,14
30748,4
30749,1
30750,5
30751,13
30752,4
30753,5
30754,4
30755,1
30756,2
30757,8
30758,1
30759,13
30760,4
30761,10
30762,2
30763,2
30764,4
30765,2
30766,4
30767,1
30768,4
30769,10
30770,2
30771,4
30772,12
30773,2
30774,0
30775,13
30776,2
30777,4
30778,4
30779,10
30780,0
30781,1
30782,3
30783,3
30784,1
30785,4
30786,2
30787,4
30788,2
30789,1
30790,5
30791,3
30792,7
30793,4
30794,9
30795,3
30796,8
30797,9
30798,12
30799,4
30800,5
30801,1
30802,6
30803,2
30804,5
30805,9
30806,6
30807,0
30808,14
30809,3
30810,4
30811,13
30812,8
30813,4
30814,11
30815,5
30816,3
30817,2
30818,2
30819,8
30820,14
30821,2
30822,12
30823,14
30824,0
30825,0
30826,8
30827,5
30828,5
30829,0
30830,5
30831,13
30832,4
30833,14
30834,4
30835,6
30836,3
30837,8
30838,4
30839,14
30840,14
30841,0
30842,0
30843,2
30844,14
30845,0
30846,5
30847,3
30848,14
30849,9
30850,4
30851,10
30852,10
30853,14
30854,6
30855,10
30856,3
30857,12
30858,4
30859,13
30860,4
30861,5
30862,14
30863,0
30864,2
30865,1
30866,4
30867,0
30868,5
30869,5
30870,6
30871,9
30872,0
30873,1
30874,13
30875,0
30876,2
30877,4
30878,4
30879,0
30880,14
30881,4
30882,2
30883,6
30884,0
30885,0
30886,1
30887,0
30888,14
30889,0
30890,4
30891,0
30892,14
30893,3
30894,14
30895,0
30896,11
30897,0
30898,12
30899,13
30900,14
30901,2
30902,2
30903,1
30904,7
30905,0
30906,5
30907,4
30908,6
30909,0
30910,4
30911,4
30912,4
30913,10
30914,1
30915,8
30916,13
30917,4
30918,1
30919,9
30920,0
30921,5
30922,1
30923,4
30924,2
30925,5
30926,0
30927,2
30928,10
30929,4
30930,8
30931,2
30932,10
30933,0
30934,5
30935,2
30936,6
30937,14
30938,2
30939,4
30940,5
30941,4
30942,14
30943,4
30944,1
30945,14
30946,2
30947,2
30948,8
30949,3
30950,5
30951,5
30952,3
30953,1
30954,2
30955,3
30956,13
30957,5
30958,1
30959,0
30960,1
30961,8
30962,4
30963,13
30964,8
30965,2
30966,8
30967,14
30968,0
30969,1
30970,2
30971,14
30972,5
30973,4
30974,0
30975,2
30976,7
30977,14
30978,10
30979,3
30980,9
30981,13
30982,0
30983,6
30984,8
30985,2
30986,0
30987,5
30988,5
30989,10
30990,1
30991,5
30992,1
30993,11
30994,1
30995,2
30996,0
30997,4
30998,0
30999,5
31000,5
31001,3
31002,4
31003,0
31004,2
31005,0
31006,1
31007,14
31008,8
31009,2
31010,2
31011,0
31012,14
31013,1
31014,7
31015,4
31016,5
31017,2
31018,4
31019,4
31020,14
31021,6
31022,2
31023,0
31024,6
31025,9
31026,5
31027,13
31028,9
31029,4
31030,14
31031,7
31032,5
31033,4
31034,6
31035,1
31036,9
31037,4
31038,4
31039,1
31040,11
31041,8
31042,1
31043,9
31044,9
31045,12
31046,14
31047,10
31048,13
31049,6
31050,11
31051,8
31052,0
31053,9
31054,7
31055,8
31056,0
31057,9
31058,1
31059,5
31060,14
31061,5
31062,6
31063,13
31064,13
31065,5
31066,4
31067,9
31068,14
31069,10
31070,0
31071,5
31072,13
31073,4
31074,0
31075,8
31076,3
31077,4
31078,8
31079,7
31080,4
31081,2
31082,1
31083,1
31084,0
31085,2
31086,2
31087,5
31088,3
31089,8
31090,4
31091,4
31092,7
31093,12
31094,5
31095,8
31096,4
31097,5
31098,9
31099,4
31100,8
31101,2
31102,10
31103,5
31104,11
31105,1
31106,2
31107,5
31108,5
31109,8
31110,3
31111,2
31112,11
31113,8
31114,5
31115,4
31116,10
31117,1
31118,2
31119,9
31120,14
31121,2
31122,10
31123,2
31124,2
31125,5
31126,4
31127,13
31128,4
31129,13
31130,1
31131,1
31132,4
31133,3
31134,2
31135,11
31136,14
31137,1
31138,14
31139,1
31140,14
31141,8
31142,13
31143,5
31144,0
31145,0
31146,1
31147,5
31148,13
31149,0
31150,5
31151,3
31152,5
31153,10
31154,8
31155,4
31156,1
31157,14
31158,2
31159,1
31160,3
31161,2
31162,12
31163,7
31164,14
31165,0
31166,4
31167,3
31168,2
31169,14
31170,5
31171,10
31172,3
31173,3
31174,8
31175,13
31176,2
31177,4
31178,13
31179,4
31180,1
31181,14
31182,4
31183,0
31184,2
31185,7
31186,5
31187,11
31188,5
31189,11
31190,4
31191,5
31192,14
31193,13
31194,8
31195,8
31196,4
31197,3
31198,0
31199,5
31200,1
31201,14
31202,1
31203,14
31204,13
31205,7
31206,11
31207,4
31208,4
31209,14
31210,6
31211,14
31212,0
31213,2
31214,11
31215,4
31216,3
31217,0
31218,11
31219,5
31220,2
31221,7
31222,13
31223,1
31224,0
31225,0
31226,14
31227,1
31228,14
31229,12
31230,4
31231,6
31232,7
31233,4
31234,7
31235,10
31236,3
31237,8
31238,4
31239,7
31240,4
31241,4
31242,6
31243,7
31244,7
31245,2
31246,6
31247,14
31248,4
31249,13
31250,2
31251,4
31252,14
31253,7
31254,1
31255,4
31256,4
31257,4
31258,2
31259,7
31260,5
31261,8
31262,6
31263,2
31264,0
31265,2
31266,1
31267,0
31268,4
31269,4
31270,1
31271,14
31272,0
31273,5
31274,13
31275,14
31276,4
31277,3
31278,4
31279,0
31280,2
31281,14
31282,7
31283,2
31284,1
31285,3
31286,11
31287,8
31288,7
31289,7
31290,4
31291,14
31292,4
31293,7
31294,1
31295,4
31296,9
31297,0
31298,6
31299,2
31300,10
31301,9
31302,5
31303,0
31304,4
31305,2
31306,0
31307,7
31308,2
31309,1
31310,1
31311,5
31312,5
31313,0
31314,0
31315,10
31316,1
31317,11
31318,4
31319,4
31320,2
31321,14
31322,5
31323,10
31324,2
31325,7
31326,1
31327,4
31328,0
31329,0
31330,0
31331,4
31332,5
31333,5
31334,4
31335,9
31336,7
31337,14
31338,0
31339,7
31340,4
31341,6
31342,5
31343,14
31344,4
31345,11
31346,0
31347,4
31348,5
31349,0
31350,10
31351,4
31352,8
31353,1
31354,14
31355,14
31356,6
31357,14
31358,3
31359,1
31360,14
31361,5
31362,6
31363,2
31364,4
31365,10
31366,0
31367,0
31368,11
31369,4
31370,6
31371,4
31372,13
31373,4
31374,7
31375,3
31376,13
31377,8
31378,0
31379,7
31380,2
31381,11
31382,5
31383,14
31384,5
31385,14
31386,3
31387,3
31388,3
31389,4
31390,14
31391,14
31392,14
31393,7
31394,10
31395,0
31396,0
31397,8
31398,6
31399,8
31400,14
31401,0
31402,6
31403,0
31404,2
31405,4
31406,8
31407,4
31408,1
31409,14
31410,14
31411,3
31412,2
31413,2
31414,7
31415,2
31416,2
31417,3
31418,5
31419,7
31420,3
31421,13
31422,7
31423,5
31424,6
31425,4
31426,5
31427,13
31428,4
31429,0
31430,4
31431,3
31432,4
31433,10
31434,7
31435,5
31436,5
31437,5
31438,14
31439,7
31440,7
31441,5
31442,2
31443,1
31444,6
31445,2
31446,13
31447,3
31448,1
31449,1
31450,2
31451,8
31452,5
31453,1
31454,2
31455,13
31456,4
31457,3
31458,2
31459,8
31460,1
31461,6
31462,10
31463,14
31464,2
31465,9
31466,1
31467,2
31468,4
31469,0
31470,4
31471,0
31472,10
31473,0
31474,1
31475,5
31476,1
31477,4
31478,0
31479,5
31480,7
31481,6
31482,4
31483,4
31484,1
31485,2
31486,11
31487,1
31488,14
31489,13
31490,14
31491,8
31492,5
31493,13
31494,4
31495,14
31496,0
31497,6
31498,14
31499,1
31500,14
31501,0
31502,2
31503,13
31504,5
31505,2
31506,13
31507,13
31508,5
31509,0
31510,1
31511,1
31512,1
31513,4
31514,6
31515,3
31516,14
31517,8
31518,1
31519,0
31520,4
31521,0
31522,14
31523,6
31524,9
31525,5
31526,1
31527,11
31528,1
31529,14
31530,0
31531,1
31532,2
31533,14
31534,7
31535,0
31536,14
31537,4
31538,1
31539,7
31540,2
31541,0
31542,9
31543,10
31544,2
31545,1
31546,9
31547,2
31548,14
31549,8
31550,0
31551,14
31552,1
31553,13
31554,8
31555,14
31556,4
31557,6
31558,3
31559,1
31560,8
31561,7
31562,9
31563,6
31564,0
31565,2
31566,4
31567,5
31568,1
31569,14
31570,1
31571,1
31572,1
31573,4
31574,1
31575,4
31576,1
31577,1
31578,13
31579,0
31580,7
31581,4
31582,14
31583,1
31584,13
31585,0
31586,5
31587,7
31588,2
31589,10
31590,1
31591,2
31592,2
31593,0
31594,0
31595,3
31596,4
31597,14
31598,8
31599,14
31600,4
31601,2
31602,6
31603,10
31604,0
31605,14
31606,8
31607,0
31608,0
31609,4
31610,5
31611,8
31612,5
31613,11
31614,4
31615,6
31616,4
31617,4
31618,1
31619,8
31620,1
31621,5
31622,2
31623,3
31624,0
31625,2
31626,5
31627,1
31628,5
31629,14
31630,5
31631,8
31632,4
31633,2
31634,5
31635,11
31636,6
31637,7
31638,11
31639,2
31640,10
31641,7
31642,8
31643,0
31644,4
31645,14
31646,6
31647,0
31648,13
31649,5
31650,11
31651,4
31652,11
31653,1
31654,2
31655,2
31656,1
31657,6
31658,4
31659,14
31660,5
31661,8
31662,4
31663,8
31664,0
31665,10
31666,0
31667,4
31668,5
31669,2
31670,0
31671,1
31672,14
31673,5
31674,0
31675,5
31676,6
31677,4
31678,8
31679,8
31680,10
31681,1
31682,0
31683,14
31684,9
31685,3
31686,14
31687,9
31688,14
31689,4
31690,8
31691,7
31692,8
31693,7
31694,14
31695,4
31696,4
31697,1
31698,0
31699,4
31700,0
31701,5
31702,5
31703,0
31704,2
31705,5
31706,13
31707,11
31708,6
31709,2
31710,4
31711,0
31712,2
31713,14
31714,2
31715,6
31716,5
31717,10
31718,14
31719,8
31720,5
31721,1
31722,5
31723,5
31724,0
31725,11
31726,9
31727,5
31728,5
31729,14
31730,5
31731,2
31732,0
31733,1
31734,5
31735,1
31736,0
31737,2
31738,0
31739,5
31740,10
31741,7
31742,0
31743,4
31744,5
31745,2
31746,0
31747,0
31748,13
31749,4
31750,8
31751,13
31752,1
31753,5
31754,4
31755,2
31756,8
31757,5
31758,12
31759,4
31760,9
31761,0
31762,6
31763,14
31764,8
31765,14
31766,11
31767,9
31768,13
31769,2
31770,0
31771,0
31772,4
31773,8
31774,1
31775,14
31776,4
31777,14
31778,13
31779,1
31780,14
31781,2
31782,1
31783,5
31784,8
31785,5
31786,0
31787,8
31788,8
31789,1
31790,2
31791,10
31792,9
31793,13
31794,6
31795,1
31796,0
31797,4
31798,5
31799,14
31800,13
31801,2
31802,7
31803,6
31804,5
31805,5
31806,1
31807,5
31808,3
31809,3
31810,1
31811,2
31812,2
31813,5
31814,4
31815,4
31816,4
31817,4
31818,5
31819,10
31820,4
31821,4
31822,2
31823,9
31824,5
31825,2
31826,10
31827,13
31828,5
31829,12
31830,5
31831,14
31832,4
31833,7
31834,4
31835,5
31836,9
31837,2
31838,10
31839,7
31840,10
31841,1
31842,4
31843,3
31844,4
31845,14
31846,5
31847,4
31848,14
31849,8
31850,8
31851,14
31852,1
31853,2
31854,0
31855,0
31856,8
31857,9
31858,4
31859,2
31860,13
31861,6
31862,6
31863,1
31864,8
31865,7
31866,1
31867,6
31868,4
31869,0
31870,14
31871,5
31872,6
31873,5
31874,0
31875,1
31876,5
31877,5
31878,13
31879,7
31880,8
31881,2
31882,4
31883,4
31884,0
31885,2
31886,5
31887,11
31888,6
31889,13
31890,0
31891,0
31892,0
31893,8
31894,1
31895,1
31896,2
31897,8
31898,10
31899,13
31900,2
31901,5
31902,13
31903,1
31904,9
31905,11
31906,6
31907,6
31908,4
31909,1
31910,5
31911,14
31912,8
31913,0
31914,4
31915,11
31916,1
31917,2
31918,5
31919,8
31920,10
31921,14
31922,0
31923,14
31924,5
31925,5
31926,5
31927,2
31928,2
31929,8
31930,5
31931,7
31932,7
31933,13
31934,2
31935,5
31936,14
31937,0
31938,14
31939,4
31940,7
31941,14
31942,4
31943,6
31944,4
31945,2
31946,0
31947,2
31948,2
31949,3
31950,13
31951,5
31952,7
31953,3
31954,1
31955,1
31956,8
31957,12
31958,5
31959,2
31960,11
31961,14
31962,13
31963,5
31964,0
31965,5
31966,10
31967,2
31968,10
31969,0
31970,0
31971,4
31972,8
31973,8
31974,8
31975,2
31976,4
31977,14
31978,2
31979,4
31980,0
31981,3
31982,14
31983,5
31984,1
31985,2
31986,2
31987,4
31988,0
31989,8
31990,2
31991,4
31992,2
31993,2
31994,5
31995,2
31996,4
31997,2
31998,0
31999,0
32000,5
32001,4
32002,10
32003,14
32004,8
32005,9
32006,5
32007,8
32008,1
32009,0
32010,14
32011,7
32012,5
32013,5
32014,8
32015,14
32016,5
32017,13
32018,14
32019,7
32020,5
32021,0
32022,0
32023,8
32024,14
32025,13
32026,4
32027,7
32028,11
32029,14
32030,4
32031,4
32032,14
32033,5
32034,3
32035,2
32036,11
32037,8
32038,5
32039,8
32040,8
32041,14
32042,2
32043,5
32044,5
32045,2
32046,2
32047,1
32048,14
32049,2
32050,11
32051,14
32052,11
32053,7
32054,13
32055,2
32056,4
32057,7
32058,5
32059,14
32060,3
32061,10
32062,4
32063,9
32064,12
32065,14
32066,5
32067,4
32068,7
32069,1
32070,8
32071,0
32072,2
32073,5
32074,10
32075,10
32076,5
32077,4
32078,5
32079,7
32080,4
32081,1
32082,1
32083,1
32084,6
32085,2
32086,14
32087,1
32088,2
32089,2
32090,6
32091,14
32092,4
32093,2
32094,5
32095,4
32096,14
32097,6
32098,9
32099,4
32100,0
32101,10
32102,14
32103,7
32104,2
32105,0
32106,2
32107,14
32108,1
32109,5
32110,6
32111,3
32112,4
32113,1
32114,2
32115,0
32116,4
32117,5
32118,2
32119,0
32120,2
32121,6
32122,8
32123,2
32124,0
32125,4
32126,8
32127,6
32128,3
32129,8
32130,13
32131,1
32132,4
32133,2
32134,2
32135,0
32136,2
32137,7
32138,1
32139,6
32140,6
32141,6
32142,4
32143,10
32144,1
32145,7
32146,5
32147,13
32148,3
32149,2
32150,8
32151,14
32152,2
32153,7
32154,4
32155,4
32156,8
32157,5
32158,3
32159,7
32160,13
32161,4
32162,2
32163,7
32164,4
32165,11
32166,0
32167,5
32168,1
32169,8
32170,0
32171,6
32172,4
32173,14
32174,0
32175,14
32176,5
32177,2
32178,8
32179,13
32180,5
32181,4
32182,3
32183,5
32184,2
32185,8
32186,2
32187,2
32188,5
32189,14
32190,6
32191,4
32192,7
32193,8
32194,0
32195,5
32196,3
32197,5
32198,9
32199,4
32200,1
32201,4
32202,6
32203,8
32204,0
32205,4
32206,0
32207,14
32208,2
32209,4
32210,1
32211,3
32212,0
32213,0
32214,13
32215,0
32216,8
32217,4
32218,14
32219,3
32220,14
32221,14
32222,10
32223,2
32224,3
32225,1
32226,2
32227,7
32228,9
32229,1
32230,8
32231,2
32232,4
32233,1
32234,2
32235,10
32236,7
32237,1
32238,1
32239,4
32240,5
32241,0
32242,2
32243,4
32244,8
32245,0
32246,1
32247,8
32248,5
32249,4
32250,0
32251,3
32252,1
32253,8
32254,0
32255,5
32256,5
32257,14
32258,6
32259,7
32260,5
32261,1
32262,4
32263,3
32264,1
32265,2
32266,9
32267,8
32268,2
32269,4
32270,5
32271,7
32272,0
32273,5
32274,14
32275,4
32276,0
32277,5
32278,8
32279,5
32280,11
32281,0
32282,4
32283,8
32284,6
32285,4
32286,5
32287,8
32288,0
32289,5
32290,8
32291,1
32292,4
32293,5
32294,11
32295,5
32296,13
32297,4
32298,4
32299,1
32300,14
32301,5
32302,6
32303,7
32304,2
32305,2
32306,13
32307,8
32308,2
32309,3
32310,14
32311,3
32312,11
32313,8
32314,2
32315,0
32316,14
32317,9
32318,4
32319,2
32320,8
32321,6
32322,4
32323,2
32324,8
32325,2
32326,0
32327,7
32328,6
32329,9
32330,0
32331,1
32332,4
32333,2
32334,14
32335,10
32336,9
32337,5
32338,1
32339,2
32340,5
32341,13
32342,13
32343,0
32344,4
32345,0
32346,5
32347,11
32348,8
32349,7
32350,14
32351,14
32352,6
32353,1
32354,5
32355,2
32356,6
32357,5
32358,5
32359,1
32360,13
32361,5
32362,4
32363,0
32364,10
32365,1
32366,8
32367,4
32368,5
32369,4
32370,14
32371,1
32372,3
32373,7
32374,13
32375,3
32376,0
32377,1
32378,2
32379,5
32380,8
32381,4
32382,11
32383,6
32384,0
32385,5
32386,14
32387,2
32388,9
32389,3
32390,4
32391,4
32392,7
32393,11
32394,2
32395,3
32396,9
32397,7
32398,1
32399,10
32400,2
32401,4
32402,2
32403,13
32404,3
32405,4
32406,3
32407,9
32408,5
32409,1
32410,3
32411,14
32412,4
32413,14
32414,8
32415,4
32416,14
32417,5
32418,6
32419,5
32420,2
32421,10
32422,1
32423,14
32424,1
32425,13
32426,14
32427,0
32428,14
32429,0
32430,1
32431,1
32432,1
32433,10
32434,5
32435,0
32436,0
32437,14
32438,10
32439,14
32440,14
32441,9
32442,5
32443,0
32444,13
32445,4
32446,2
32447,4
32448,2
32449,0
32450,0
32451,14
32452,1
32453,4
32454,2
32455,11
32456,0
32457,2
32458,10
32459,2
32460,10
32461,1
32462,4
32463,13
32464,14
32465,8
32466,14
32467,7
32468,11
32469,13
32470,2
32471,5
32472,0
32473,8
32474,3
32475,1
32476,5
32477,13
32478,0
32479,5
32480,13
32481,5
32482,4
32483,9
32484,7
32485,2
32486,4
32487,14
32488,0
32489,9
32490,13
32491,1
32492,14
32493,14
32494,5
32495,2
32496,7
32497,5
32498,1
32499,14
32500,2
32501,11
32502,8
32503,5
32504,0
32505,13
32506,2
32507,1
32508,4
32509,0
32510,7
32511,14
32512,3
32513,5
32514,4
32515,6
32516,0
32517,6
32518,4
32519,10
32520,5
32521,8
32522,4
32523,14
32524,12
32525,0
32526,2
32527,4
32528,4
32529,2
32530,10
32531,6
32532,13
32533,4
32534,1
32535,8
32536,8
32537,5
32538,9
32539,4
32540,4
32541,8
32542,4
32543,6
32544,4
32545,2
32546,4
32547,0
32548,1
32549,13
32550,3
32551,4
32552,0
32553,14
32554,5
32555,11
32556,8
32557,5
32558,1
32559,4
32560,5
32561,2
32562,6
32563,14
32564,4
32565,1
32566,14
32567,0
32568,4
32569,5
32570,14
32571,1
32572,5
32573,13
32574,13
32575,7
32576,10
32577,13
32578,3
32579,5
32580,9
32581,4
32582,14
32583,8
32584,2
32585,5
32586,14
32587,8
32588,7
32589,5
32590,13
32591,7
32592,0
32593,7
32594,10
32595,0
32596,8
32597,12
32598,1
32599,14
32600,14
32601,8
32602,4
32603,4
32604,7
32605,3
32606,5
32607,2
32608,7
32609,2
32610,2
32611,6
32612,0
32613,14
32614,4
32615,7
32616,10
32617,11
32618,6
32619,5
32620,9
32621,1
32622,5
32623,1
32624,3
32625,2
32626,7
32627,4
32628,4
32629,6
32630,2
32631,10
32632,6
32633,14
32634,4
32635,13
32636,0
32637,0
32638,9
32639,5
32640,4
32641,4
32642,3
32643,14
32644,14
32645,6
32646,0
32647,4
32648,7
32649,1
32650,5
32651,1
32652,13
32653,13
32654,6
32655,14
32656,2
32657,4
32658,4
32659,5
32660,14
32661,2
32662,14
32663,7
32664,2
32665,5
32666,7
32667,5
32668,2
32669,14
32670,14
32671,3
32672,14
32673,14
32674,4
32675,14
32676,4
32677,13
32678,13
32679,11
32680,3
32681,5
32682,2
32683,0
32684,3
32685,6
32686,1
32687,0
32688,0
32689,10
32690,4
32691,12
32692,10
32693,1
32694,9
32695,0
32696,1
32697,1
32698,14
32699,4
32700,14
32701,7
32702,2
32703,3
32704,4
32705,5
32706,10
32707,14
32708,7
32709,13
32710,14
32711,2
32712,13
32713,5
32714,7
32715,0
32716,0
32717,4
32718,4
32719,4
32720,1
32721,0
32722,10
32723,4
32724,7
32725,14
32726,3
32727,13
32728,5
32729,0
32730,5
32731,8
32732,4
32733,3
32734,4
32735,1
32736,1
32737,8
32738,14
32739,4
32740,8
32741,14
32742,5
32743,0
32744,3
32745,14
32746,10
32747,0
32748,4
32749,8
32750,2
32751,8
32752,14
32753,8
32754,14
32755,5
32756,4
32757,5
32758,8
32759,14
32760,3
32761,1
32762,1
32763,2
32764,4
32765,9
32766,13
32767,7
32768,6
32769,14
32770,6
32771,2
32772,13
32773,5
32774,4
32775,6
32776,4
32777,0
32778,4
32779,6
32780,4
32781,4
32782,0
32783,5
32784,8
32785,1
32786,0
32787,2
32788,6
32789,7
32790,2
32791,4
32792,3
32793,0
32794,14
32795,3
32796,4
32797,14
32798,3
32799,4
32800,4
32801,1
32802,2
32803,8
32804,2
32805,2
32806,13
32807,2
32808,2
32809,1
32810,9
32811,0
32812,14
32813,3
32814,0
32815,2
32816,0
32817,1
32818,4
32819,14
32820,4
32821,0
32822,2
32823,10
32824,5
32825,14
32826,0
32827,14
32828,10
32829,4
32830,4
32831,2
32832,3
32833,11
32834,7
32835,14
32836,0
32837,4
32838,10
32839,5
32840,14
32841,9
32842,9
32843,7
32844,7
32845,5
32846,14
32847,2
32848,10
32849,2
32850,14
32851,5
32852,4
32853,4
32854,7
32855,1
32856,4
32857,13
32858,11
32859,4
32860,7
32861,14
32862,1
32863,5
32864,2
32865,1
32866,4
32867,6
32868,14
32869,8
32870,6
32871,3
32872,5
32873,4
32874,0
32875,8
32876,0
32877,10
32878,7
32879,5
32880,14
32881,0
32882,14
32883,3
32884,5
32885,5
32886,0
32887,7
32888,8
32889,4
32890,14
32891,9
32892,14
32893,4
32894,14
32895,11
32896,5
32897,8
32898,2
32899,0
32900,8
32901,4
32902,0
32903,4
32904,14
32905,5
32906,14
32907,4
32908,4
32909,10
32910,2
32911,4
32912,4
32913,5
32914,7
32915,0
32916,4
32917,6
32918,5
32919,4
32920,0
32921,2
32922,4
32923,0
32924,10
32925,3
32926,7
32927,1
32928,0
32929,5
32930,14
32931,8
32932,4
32933,14
32934,1
32935,11
32936,2
32937,4
32938,0
32939,4
32940,13
32941,4
32942,5
32943,14
32944,8
32945,0
32946,0
32947,5
32948,0
32949,5
32950,0
32951,2
32952,14
32953,2
32954,7
32955,8
32956,9
32957,5
32958,14
32959,6
32960,6
32961,2
32962,4
32963,4
32964,4
32965,2
32966,1
32967,0
32968,5
32969,5
32970,2
32971,11
32972,0
32973,2
32974,1
32975,9
32976,4
32977,2
32978,9
32979,8
32980,5
32981,7
32982,2
32983,4
32984,2
32985,5
32986,12
32987,1
32988,6
32989,6
32990,7
32991,4
32992,13
32993,5
32994,0
32995,6
32996,6
32997,2
32998,5
32999,5
33000,9
33001,5
33002,5
33003,6
33004,13
33005,5
33006,8
33007,13
33008,2
33009,14
33010,14
33011,0
33012,14
33013,8
33014,6
33015,8
33016,1
33017,9
33018,13
33019,2
33020,4
33021,7
33022,0
33023,14
33024,1
33025,6
33026,2
33027,10
33028,14
33029,4
33030,6
33031,5
33032,5
33033,14
33034,3
33035,1
33036,0
33037,8
33038,2
33039,14
33040,3
33041,14
33042,11
33043,6
33044,1
33045,14
33046,2
33047,2
33048,8
33049,0
33050,3
33051,6
33052,14
33053,1
33054,14
33055,2
33056,0
33057,0
33058,13
33059,2
33060,3
33061,2
33062,1
33063,14
33064,5
33065,5
33066,8
33067,8
33068,2
33069,14
33070,3
33071,1
33072,12
33073,4
33074,13
33075,2
33076,10
33077,4
33078,4
33079,0
33080,14
33081,5
33082,14
33083,8
33084,0
33085,10
33086,0
33087,2
33088,14
33089,0
33090,14
33091,0
33092,0
33093,4
33094,10
33095,2
33096,5
33097,4
33098,13
33099,13
33100,2
33101,1
33102,14
33103,4
33104,14
33105,14
33106,0
33107,1
33108,1
33109,4
33110,1
33111,1
33112,1
33113,14
33114,0
33115,14
33116,5
33117,0
33118,4
33119,6
33120,2
33121,5
33122,5
33123,0
33124,13
33125,13
33126,1
33127,4
33128,2
33129,10
33130,4
33131,4
33132,0
33133,12
33134,4
33135,5
33136,1
33137,2
33138,1
33139,4
33140,1
33141,2
33142,7
33143,1
33144,2
33145,5
33146,14
33147,4
33148,14
33149,7
33150,5
33151,10
33152,4
33153,2
33154,14
33155,0
33156,2
33157,0
33158,5
33159,14
33160,2
33161,0
33162,1
33163,2
33164,1
33165,0
33166,2
33167,0
33168,7
33169,6
33170,4
33171,4
33172,2
33173,13
33174,14
33175,0
33176,1
33177,1
33178,14
33179,8
33180,10
33181,1
33182,5
33183,2
33184,1
33185,4
33186,7
33187,1
33188,8
33189,8
33190,1
33191,1
33192,2
33193,1
33194,9
33195,7
33196,3
33197,1
33198,5
33199,5
33200,2
33201,1
33202,7
33203,2
33204,13
33205,5
33206,10
33207,0
33208,1
33209,0
33210,12
33211,2
33212,4
33213,0
33214,0
33215,6
33216,4
33217,2
33218,2
33219,2
33220,4
33221,5
33222,0
33223,8
33224,1
33225,5
33226,7
33227,4
33228,0
33229,14
33230,8
33231,2
33232,7
33233,0
33234,8
33235,0
33236,10
33237,3
33238,0
33239,5
33240,4
33241,11
33242,10
33243,4
33244,1
33245,0
33246,1
33247,8
33248,5
33249,0
33250,14
33251,9
33252,13
33253,0
33254,5
33255,6
33256,6
33257,5
33258,6
33259,14
33260,3
33261,4
33262,11
33263,2
33264,8
33265,4
33266,5
33267,4
33268,1
33269,3
33270,2
33271,2
33272,5
33273,8
33274,14
33275,5
33276,10
33277,1
33278,5
33279,14
33280,2
33281,4
33282,5
33283,3
33284,1
33285,10
33286,4
33287,9
33288,4
33289,1
33290,5
33291,4
33292,12
33293,7
33294,7
33295,4
33296,0
33297,10
33298,14
33299,0
33300,1
33301,0
33302,4
33303,7
33304,0
33305,1
33306,7
33307,1
33308,1
33309,14
33310,8
33311,4
33312,14
33313,1
33314,11
33315,2
33316,14
33317,9
33318,3
33319,0
33320,9
33321,0
33322,3
33323,8
33324,4
33325,1
33326,2
33327,2
33328,8
33329,6
33330,10
33331,4
33332,7
33333,8
33334,8
33335,0
33336,10
33337,0
33338,0
33339,4
33340,5
33341,0
33342,10
33343,2
33344,5
33345,7
33346,0
33347,1
33348,4
33349,1
33350,2
33351,4
33352,2
33353,0
33354,0
33355,14
33356,8
33357,2
33358,10
33359,5
33360,3
33361,2
33362,7
33363,14
33364,6
33365,8
33366,0
33367,2
33368,0
33369,14
33370,2
33371,14
33372,0
33373,9
33374,1
33375,0
33376,8
33377,4
33378,0
33379,10
33380,1
33381,6
33382,14
33383,6
33384,14
33385,7
33386,3
33387,1
33388,1
33389,10
33390,14
33391,9
33392,1
33393,4
33394,4
33395,8
33396,11
33397,11
33398,6
33399,2
33400,8
33401,3
33402,13
33403,5
33404,0
33405,4
33406,9
33407,4
33408,4
33409,14
33410,0
33411,11
33412,5
33413,7
33414,5
33415,1
33416,6
33417,4
33418,13
33419,0
33420,4
33421,14
33422,9
33423,1
33424,9
33425,8
33426,11
33427,8
33428,2
33429,1
33430,7
33431,5
33432,6
33433,1
33434,1
33435,14
33436,3
33437,13
33438,0
33439,13
33440,5
33441,6
33442,6
33443,5
33444,2
33445,2
33446,2
33447,4
33448,5
33449,6
33450,8
33451,2
33452,0
33453,2
33454,7
33455,2
33456,13
33457,5
33458,1
33459,5
33460,8
33461,4
33462,0
33463,2
33464,8
33465,1
33466,8
33467,6
33468,0
33469,8
33470,2
33471,5
33472,14
33473,7
33474,12
33475,0
33476,0
33477,6
33478,4
33479,5
33480,8
33481,10
33482,14
33483,2
33484,10
33485,0
33486,1
33487,0
33488,0
33489,5
33490,14
33491,5
33492,8
33493,2
33494,14
33495,0
33496,4
33497,9
33498,14
33499,3
33500,5
33501,6
33502,2
33503,14
33504,2
33505,4
33506,1
33507,0
33508,11
33509,5
33510,5
33511,3
33512,7
33513,1
33514,11
33515,11
33516,6
33517,1
33518,6
33519,7
33520,8
33521,13
33522,5
33523,7
33524,5
33525,7
33526,1
33527,11
33528,1
33529,2
33530,4
33531,1
33532,2
33533,8
33534,4
33535,10
33536,2
33537,4
33538,0
33539,14
33540,1
33541,14
33542,2
33543,8
33544,11
33545,5
33546,2
33547,4
33548,7
33549,5
33550,2
33551,7
33552,0
33553,7
33554,2
33555,2
33556,2
33557,2
33558,4
33559,5
33560,4
33561,5
33562,9
33563,2
33564,0
33565,8
33566,1
33567,2
33568,0
33569,0
33570,14
33571,4
33572,10
33573,6
33574,2
33575,7
33576,0
33577,2
33578,14
33579,6
33580,2
33581,4
33582,4
33583,4
33584,2
33585,5
33586,2
33587,4
33588,9
33589,4
33590,5
33591,2
33592,8
33593,2
33594,4
33595,9
33596,2
33597,7
33598,5
33599,0
33600,14
33601,2
33602,2
33603,0
33604,6
33605,5
33606,14
33607,6
33608,7
33609,4
33610,5
33611,1
33612,5
33613,1
33614,1
33615,2
33616,1
33617,4
33618,2
33619,7
33620,6
33621,7
33622,7
33623,6
33624,2
33625,0
33626,5
33627,0
33628,0
33629,14
33630,13
33631,1
33632,4
33633,4
33634,8
33635,2
33636,0
33637,2
33638,5
33639,3
33640,0
33641,4
33642,2
33643,8
33644,2
33645,2
33646,8
33647,2
33648,14
33649,10
33650,4
33651,12
33652,4
33653,2
33654,2
33655,10
33656,7
33657,7
33658,8
33659,1
33660,14
33661,10
33662,5
33663,7
33664,2
33665,6
33666,7
33667,1
33668,8
33669,5
33670,14
33671,3
33672,13
33673,9
33674,0
33675,1
33676,8
33677,14
33678,12
33679,4
33680,0
33681,4
33682,2
33683,1
33684,2
33685,14
33686,10
33687,7
33688,4
33689,4
33690,5
33691,3
33692,0
33693,0
33694,0
33695,14
33696,14
33697,9
33698,0
33699,1
33700,0
33701,1
33702,13
33703,5
33704,3
33705,4
33706,7
33707,1
33708,7
33709,3
33710,14
33711,0
33712,8
33713,7
33714,14
33715,0
33716,2
33717,8
33718,7
33719,5
33720,0
33721,9
33722,6
33723,4
33724,11
33725,1
33726,2
33727,12
33728,3
33729,0
33730,1
33731,7
33732,8
33733,4
33734,4
33735,5
33736,8
33737,2
33738,8
33739,2
33740,1
33741,14
33742,1
33743,6
33744,9
33745,5
33746,6
33747,0
33748,4
33749,11
33750,4
33751,7
33752,9
33753,6
33754,13
33755,5
33756,7
33757,0
33758,5
33759,4
33760,11
33761,1
33762,5
33763,4
33764,3
33765,2
33766,9
33767,1
33768,7
33769,4
33770,1
33771,14
33772,4
33773,2
33774,14
33775,14
33776,8
33777,14
33778,8
33779,12
33780,0
33781,2
33782,3
33783,14
33784,7
33785,10
33786,14
33787,6
33788,14
33789,4
33790,4
33791,2
33792,4
33793,9
33794,3
33795,1
33796,2
33797,1
33798,0
33799,6
33800,14
33801,0
33802,1
33803,5
33804,4
33805,4
33806,8
33807,4
33808,6
33809,1
33810,9
33811,6
33812,6
33813,14
33814,1
33815,12
33816,1
33817,7
33818,4
33819,8
33820,12
33821,4
33822,4
33823,1
33824,4
33825,1
33826,5
33827,1
33828,8
33829,13
33830,0
33831,0
33832,4
33833,9
33834,5
33835,10
33836,12
33837,2
33838,14
33839,8
33840,2
33841,0
33842,0
33843,10
33844,1
33845,11
33846,1
33847,2
33848,5
33849,5
33850,14
33851,11
33852,12
33853,3
33854,14
33855,12
33856,1
33857,11
33858,0
33859,5
33860,0
33861,5
33862,3
33863,10
33864,4
33865,8
33866,14
33867,3
33868,5
33869,8
33870,2
33871,4
33872,4
33873,5
33874,5
33875,1
33876,13
33877,4
33878,5
33879,2
33880,7
33881,14
33882,4
33883,6
33884,5
33885,3
33886,5
33887,7
33888,3
33889,8
33890,14
33891,14
33892,14
33893,11
33894,0
33895,10
33896,0
33897,5
33898,1
33899,2
33900,2
33901,5
33902,4
33903,7
33904,0
33905,7
33906,2
33907,5
33908,10
33909,4
33910,14
33911,5
33912,5
33913,8
33914,4
33915,14
33916,14
33917,4
33918,0
33919,4
33920,4
33921,11
33922,9
33923,14
33924,0
33925,8
33926,5
33927,4
33928,6
33929,1
33930,0
33931,10
33932,5
33933,14
33934,2
33935,0
33936,5
33937,1
33938,6
33939,1
33940,0
33941,5
33942,5
33943,5
33944,13
33945,4
33946,4
33947,13
33948,1
33949,0
33950,6
33951,12
33952,3
33953,8
33954,6
33955,4
33956,2
33957,11
33958,10
33959,14
33960,5
33961,2
33962,5
33963,11
33964,9
33965,4
33966,14
33967,6
33968,13
33969,0
33970,5
33971,5
33972,5
33973,9
33974,5
33975,2
33976,1
33977,1
33978,14
33979,14
33980,3
33981,4
33982,14
33983,8
33984,4
33985,7
33986,2
33987,5
33988,1
33989,2
33990,11
33991,3
33992,5
33993,7
33994,14
33995,14
33996,6
33997,10
33998,9
33999,2
34000,6
34001,5
34002,0
34003,10
34004,8
34005,6
34006,7
34007,2
34008,4
34009,2
34010,13
34011,0
34012,2
34013,7
34014,2
34015,4
34016,5
34017,10
34018,0
34019,0
34020,2
34021,5
34022,6
34023,14
34024,5
34025,14
34026,9
34027,6
34028,6
34029,9
34030,0
34031,2
34032,2
34033,6
34034,8
34035,4
34036,4
34037,1
34038,1
34039,8
34040,4
34041,8
34042,8
34043,4
34044,8
34045,5
34046,14
34047,8
34048,3
34049,10
34050,8
34051,8
34052,1
34053,7
34054,2
34055,3
34056,0
34057,1
34058,4
34059,9
34060,14
34061,4
34062,14
34063,7
34064,0
34065,4
34066,3
34067,3
34068,4
34069,1
34070,14
34071,2
34072,0
34073,8
34074,4
34075,4
34076,1
34077,4
34078,14
34079,5
34080,2
34081,1
34082,11
34083,10
34084,8
34085,7
34086,4
34087,8
34088,6
34089,14
34090,8
34091,4
34092,0
34093,2
34094,5
34095,2
34096,8
34097,7
34098,14
34099,8
34100,5
34101,8
34102,2
34103,9
34104,5
34105,1
34106,4
34107,5
34108,14
34109,14
34110,1
34111,5
34112,2
34113,8
34114,0
34115,4
34116,8
34117,6
34118,14
34119,13
34120,9
34121,1
34122,14
34123,2
34124,12
34125,0
34126,0
34127,5
34128,2
34129,10
34130,14
34131,2
34132,2
34133,2
34134,4
34135,0
34136,14
34137,0
34138,8
34139,14
34140,5
34141,2
34142,12
34143,2
34144,1
34145,4
34146,0
34147,8
34148,8
34149,5
34150,1
34151,2
34152,4
34153,0
34154,3
34155,7
34156,13
34157,14
34158,2
34159,2
34160,1
34161,8
34162,8
34163,14
34164,1
34165,2
34166,7
34167,1
34168,2
34169,5
34170,4
34171,7
34172,5
34173,4
34174,1
34175,8
34176,0
34177,2
34178,0
34179,3
34180,7
34181,5
34182,4
34183,14
34184,5
34185,2
34186,0
34187,14
34188,8
34189,0
34190,10
34191,5
34192,2
34193,1
34194,8
34195,4
34196,2
34197,4
34198,10
34199,0
34200,2
34201,2
34202,1
34203,8
34204,8
34205,3
34206,14
34207,14
34208,4
34209,0
34210,7
34211,1
34212,1
34213,13
34214,8
34215,13
34216,7
34217,7
34218,5
34219,0
34220,7
34221,1
34222,4
34223,2
34224,12
34225,5
34226,3
34227,6
34228,0
34229,0
34230,14
34231,2
34232,4
34233,4
34234,2
34235,1
34236,8
34237,11
34238,5
34239,10
34240,14
34241,4
34242,5
34243,7
34244,14
34245,1
34246,7
34247,4
34248,11
34249,14
34250,8
34251,2
34252,8
34253,4
34254,5
34255,14
34256,3
34257,5
34258,4
34259,5
34260,5
34261,8
34262,0
34263,4
34264,0
34265,8
34266,4
34267,8
34268,5
34269,0
34270,2
34271,14
34272,14
34273,6
34274,7
34275,0
34276,11
34277,6
34278,6
34279,14
34280,14
34281,4
34282,7
34283,5
34284,1
34285,5
34286,0
34287,2
34288,1
34289,9
34290,6
34291,0
34292,7
34293,7
34294,6
34295,7
34296,1
34297,8
34298,8
34299,14
34300,7
34301,8
34302,7
34303,7
34304,2
34305,13
34306,7
34307,4
34308,2
34309,14
34310,7
34311,6
34312,8
34313,2
34314,4
34315,0
34316,7
34317,13
34318,9
34319,14
34320,6
34321,0
34322,9
34323,2
34324,4
34325,4
34326,5
34327,1
34328,2
34329,8
34330,10
34331,10
34332,4
34333,1
34334,11
34335,0
34336,2
34337,0
34338,4
34339,8
34340,7
34341,10
34342,4
34343,2
34344,5
34345,11
34346,7
34347,0
34348,1
34349,0
34350,13
34351,8
34352,2
34353,0
34354,5
34355,5
34356,0
34357,1
34358,1
34359,2
34360,5
34361,14
34362,14
34363,2
34364,0
34365,7
34366,0
34367,3
34368,5
34369,13
34370,4
34371,5
34372,14
34373,8
34374,9
34375,11
34376,2
34377,13
34378,8
34379,8
34380,0
34381,8
34382,2
34383,7
34384,14
34385,7
34386,0
34387,13
34388,11
34389,10
34390,0
34391,10
34392,9
34393,8
34394,0
34395,10
34396,8
34397,5
34398,13
34399,5
34400,1
34401,14
34402,8
34403,1
34404,2
34405,0
34406,1
34407,4
34408,8
34409,2
34410,4
34411,3
34412,7
34413,1
34414,2
34415,3
34416,6
34417,5
34418,8
34419,13
34420,14
34421,0
34422,2
34423,4
34424,0
34425,7
34426,1
34427,2
34428,4
34429,5
34430,14
34431,2
34432,2
34433,13
34434,0
34435,2
34436,11
34437,4
34438,8
34439,5
34440,2
34441,0
34442,0
34443,8
34444,7
34445,4
34446,6
34447,5
34448,4
34449,8
34450,5
34451,10
34452,14
34453,0
34454,1
34455,2
34456,0
34457,2
34458,2
34459,13
34460,10
34461,11
34462,4
34463,5
34464,14
34465,13
34466,0
34467,6
34468,1
34469,4
34470,6
34471,1
34472,3
34473,0
34474,3
34475,2
34476,1
34477,4
34478,13
34479,14
34480,6
34481,5
34482,2
34483,8
34484,14
34485,14
34486,4
34487,12
34488,8
34489,0
34490,6
34491,6
34492,6
34493,14
34494,8
34495,5
34496,6
34497,13
34498,8
34499,8
34500,13
34501,2
34502,8
34503,14
34504,1
34505,4
34506,2
34507,4
34508,2
34509,11
34510,14
34511,2
34512,1
34513,3
34514,4
34515,5
34516,2
34517,14
34518,6
34519,2
34520,0
34521,6
34522,0
34523,2
34524,9
34525,3
34526,14
34527,1
34528,8
34529,8
34530,2
34531,3
34532,8
34533,2
34534,1
34535,5
34536,8
34537,3
34538,2
34539,4
34540,5
34541,0
34542,7
34543,5
34544,1
34545,5
34546,0
34547,6
34548,3
34549,6
34550,10
34551,10
34552,7
34553,3
34554,8
34555,13
34556,13
34557,2
34558,8
34559,12
34560,2
34561,5
34562,0
34563,1
34564,11
34565,3
34566,0
34567,12
34568,10
34569,2
34570,2
34571,2
34572,8
34573,14
34574,0
34575,4
34576,8
34577,6
34578,14
34579,5
34580,14
34581,8
34582,2
34583,1
34584,3
34585,5
34586,4
34587,2
34588,14
34589,14
34590,2
34591,1
34592,9
34593,14
34594,8
34595,5
34596,0
34597,3
34598,7
34599,4
34600,0
34601,10
34602,0
34603,8
34604,4
34605,2
34606,1
34607,0
34608,12
34609,0
34610,6
34611,14
34612,8
34613,1
34614,5
34615,9
34616,3
34617,4
34618,4
34619,5
34620,2
34621,8
34622,0
34623,14
34624,1
34625,7
34626,1
34627,1
34628,1
34629,10
34630,1
34631,6
34632,0
34633,5
34634,13
34635,2
34636,4
34637,4
34638,1
34639,12
34640,10
34641,2
34642,5
34643,1
34644,2
34645,4
34646,11
34647,11
34648,14
34649,4
34650,5
34651,4
34652,14
34653,6
34654,2
34655,1
34656,0
34657,4
34658,13
34659,9
34660,11
34661,13
34662,14
34663,3
34664,8
34665,7
34666,2
34667,1
34668,11
34669,4
34670,1
34671,2
34672,7
34673,0
34674,14
34675,6
34676,14
34677,0
34678,0
34679,2
34680,4
34681,1
34682,1
34683,5
34684,0
34685,1
34686,6
34687,3
34688,10
34689,5
34690,13
34691,7
34692,3
34693,0
34694,8
34695,2
34696,6
34697,9
34698,2
34699,1
34700,10
34701,4
34702,5
34703,8
34704,5
34705,5
34706,2
34707,7
34708,14
34709,4
34710,0
34711,3
34712,7
34713,0
34714,2
34715,4
34716,1
34717,3
34718,3
34719,5
34720,9
34721,2
34722,0
34723,8
34724,14
34725,0
34726,11
34727,10
34728,2
34729,10
34730,2
34731,3
34732,2
34733,5
34734,0
34735,7
34736,0
34737,8
34738,8
34739,2
34740,2
34741,0
34742,8
34743,2
34744,6
34745,10
34746,3
34747,9
34748,4
34749,0
34750,3
34751,5
34752,10
34753,0
34754,0
34755,13
34756,3
34757,11
34758,1
34759,0
34760,2
34761,12
34762,3
34763,4
34764,2
34765,4
34766,5
34767,2
34768,1
34769,2
34770,11
34771,3
34772,5
34773,2
34774,2
34775,14
34776,5
34777,4
34778,7
34779,0
34780,3
34781,11
34782,1
34783,8
34784,2
34785,2
34786,3
34787,14
34788,14
34789,0
34790,7
34791,11
34792,4
34793,8
34794,8
34795,13
34796,2
34797,12
34798,8
34799,0
34800,10
34801,7
34802,13
34803,1
34804,5
34805,4
34806,12
34807,4
34808,5
34809,3
34810,5
34811,7
34812,8
34813,5
34814,3
34815,0
34816,6
34817,0
34818,3
34819,2
34820,8
34821,14
34822,3
34823,4
34824,4
34825,4
34826,3
34827,4
34828,10
34829,13
34830,1
34831,1
34832,5
34833,1
34834,0
34835,10
34836,3
34837,8
34838,7
34839,14
34840,4
34841,6
34842,14
34843,1
34844,4
34845,8
34846,0
34847,2
34848,10
34849,2
34850,7
34851,6
34852,1
34853,14
34854,13
34855,8
34856,2
34857,2
34858,5
34859,4
34860,4
34861,4
34862,14
34863,0
34864,10
34865,10
34866,0
34867,0
34868,3
34869,2
34870,2
34871,14
34872,1
34873,8
34874,3
34875,5
34876,2
34877,0
34878,14
34879,10
34880,4
34881,8
34882,2
34883,4
34884,4
34885,1
34886,13
34887,7
34888,3
34889,2
34890,14
34891,0
34892,2
34893,1
34894,0
34895,2
34896,8
34897,4
34898,1
34899,1
34900,2
34901,2
34902,2
34903,8
34904,1
34905,0
34906,0
34907,14
34908,2
34909,7
34910,7
34911,9
34912,5
34913,14
34914,4
34915,1
34916,13
34917,5
34918,9
34919,2
34920,13
34921,13
34922,1
34923,0
34924,4
34925,2
34926,0
34927,0
34928,8
34929,4
34930,0
34931,2
34932,0
34933,0
34934,0
34935,5
34936,8
34937,8
34938,10
34939,1
34940,2
34941,7
34942,2
34943,3
34944,1
34945,11
34946,4
34947,4
34948,2
34949,14
34950,8
34951,8
34952,0
34953,8
34954,2
34955,14
34956,2
34957,1
34958,8
34959,6
34960,13
34961,8
34962,4
34963,4
34964,8
34965,0
34966,6
34967,14
34968,1
34969,14
34970,1
34971,4
34972,13
34973,14
34974,1
34975,5
34976,6
34977,3
34978,9
34979,4
34980,1
34981,5
34982,8
34983,14
34984,1
34985,1
34986,12
34987,13
34988,1
34989,0
34990,13
34991,6
34992,6
34993,5
34994,13
34995,0
34996,0
34997,8
34998,10
34999,8
35000,5
35001,0
35002,14
35003,14
35004,8
35005,1
35006,10
35007,8
35008,4
35009,5
35010,5
35011,1
35012,14
35013,14
35014,8
35015,5
35016,14
35017,6
35018,0
35019,5
35020,0
35021,10
35022,5
35023,7
35024,2
35025,9
35026,4
35027,5
35028,4
35029,0
35030,11
35031,4
35032,8
35033,13
35034,4
35035,3
35036,5
35037,1
35038,2
35039,4
35040,1
35041,14
35042,2
35043,0
35044,4
35045,0
35046,14
35047,7
35048,2
35049,4
35050,2
35051,9
35052,14
35053,0
35054,2
35055,13
35056,10
35057,2
35058,3
35059,0
35060,1
35061,5
35062,13
35063,4
35064,3
35065,9
35066,8
35067,5
35068,14
35069,8
35070,4
35071,3
35072,4
35073,5
35074,5
35075,2
35076,14
35077,12
35078,1
35079,4
35080,5
35081,10
35082,13
35083,1
35084,5
35085,10
35086,7
35087,7
35088,0
35089,7
35090,4
35091,3
35092,4
35093,4
35094,6
35095,2
35096,4
35097,2
35098,2
35099,0
35100,1
35101,6
35102,0
35103,1
35104,9
35105,2
35106,0
35107,2
35108,4
35109,1
35110,7
35111,0
35112,14
35113,14
35114,8
35115,8
35116,5
35117,4
35118,7
35119,7
35120,2
35121,5
35122,6
35123,5
35124,5
35125,9
35126,14
35127,5
35128,1
35129,3
35130,10
35131,8
35132,2
35133,13
35134,3
35135,14
35136,4
35137,6
35138,8
35139,4
35140,5
35141,4
35142,0
35143,2
35144,7
35145,0
35146,1
35147,2
35148,8
35149,1
35150,1
35151,2
35152,6
35153,5
35154,0
35155,9
35156,5
35157,5
35158,14
35159,9
35160,4
35161,11
35162,1
35163,4
35164,9
35165,4
35166,2
35167,4
35168,3
35169,8
35170,0
35171,4
35172,7
35173,1
35174,14
35175,2
35176,3
35177,0
35178,1
35179,5
35180,8
35181,0
35182,9
35183,8
35184,4
35185,2
35186,4
35187,0
35188,5
35189,14
35190,0
35191,14
35192,0
35193,14
35194,1
35195,0
35196,4
35197,3
35198,5
35199,1
35200,4
35201,13
35202,2
35203,1
35204,4
35205,5
35206,0
35207,2
35208,2
35209,2
35210,14
35211,14
35212,8
35213,5
35214,10
35215,14
35216,1
35217,2
35218,4
35219,4
35220,5
35221,2
35222,2
35223,2
35224,7
35225,14
35226,3
35227,7
35228,3
35229,4
35230,10
35231,3
35232,5
35233,2
35234,2
35235,5
35236,14
35237,12
35238,0
35239,2
35240,5
35241,1
35242,0
35243,1
35244,13
35245,4
35246,7
35247,2
35248,5
35249,1
35250,7
35251,2
35252,0
35253,11
35254,1
35255,2
35256,3
35257,0
35258,5
35259,8
35260,0
35261,4
35262,10
35263,10
35264,5
35265,4
35266,0
35267,2
35268,7
35269,5
35270,2
35271,0
35272,9
35273,5
35274,0
35275,2
35276,2
35277,5
35278,0
35279,7
35280,3
35281,9
35282,5
35283,5
35284,0
35285,0
35286,5
35287,12
35288,8
35289,3
35290,5
35291,8
35292,14
35293,11
35294,0
35295,11
35296,4
35297,0
35298,3
35299,4
35300,5
35301,14
35302,3
35303,3
35304,5
35305,1
35306,10
35307,4
35308,8
35309,12
35310,4
35311,0
35312,13
35313,4
35314,0
35315,0
35316,10
35317,3
35318,0
35319,6
35320,8
35321,8
35322,5
35323,8
35324,2
35325,1
35326,8
35327,0
35328,8
35329,4
35330,10
35331,8
35332,5
35333,2
35334,4
35335,14
35336,4
35337,14
35338,0
35339,2
35340,4
35341,11
35342,7
35343,2
35344,1
35345,4
35346,5
35347,0
35348,5
35349,12
35350,0
35351,1
35352,2
35353,3
35354,0
35355,5
35356,5
35357,0
35358,10
35359,14
35360,4
35361,5
35362,10
35363,2
35364,2
35365,5
35366,4
35367,5
35368,12
35369,0
35370,5
35371,1
35372,7
35373,1
35374,1
35375,4
35376,4
35377,13
35378,8
35379,5
35380,2
35381,8
35382,1
35383,4
35384,14
35385,1
35386,0
35387,3
35388,3
35389,3
35390,2
35391,13
35392,4
35393,0
35394,3
35395,5
35396,7
35397,1
35398,5
35399,10
35400,2
35401,4
35402,5
35403,4
35404,14
35405,5
35406,14
35407,14
35408,1
35409,4
35410,4
35411,3
35412,2
35413,14
35414,2
35415,11
35416,2
35417,7
35418,1
35419,5
35420,14
35421,11
35422,2
35423,3
35424,4
35425,4
35426,11
35427,6
35428,11
35429,4
35430,7
35431,8
35432,4
35433,7
35434,0
35435,6
35436,10
35437,8
35438,1
35439,8
35440,4
35441,0
35442,3
35443,10
35444,13
35445,1
35446,2
35447,4
35448,14
35449,3
35450,5
35451,9
35452,14
35453,8
35454,6
35455,2
35456,1
35457,4
35458,7
35459,6
35460,2
35461,2
35462,7
35463,4
35464,6
35465,13
35466,8
35467,1
35468,5
35469,13
35470,1
35471,5
35472,6
35473,6
35474,1
35475,0
35476,5
35477,14
35478,10
35479,4
35480,4
35481,12
35482,0
35483,4
35484,4
35485,14
35486,0
35487,4
35488,14
35489,4
35490,8
35491,14
35492,6
35493,6
35494,8
35495,2
35496,8
35497,9
35498,5
35499,4
35500,2
35501,0
35502,10
35503,4
35504,8
35505,14
35506,2
35507,14
35508,5
35509,0
35510,10
35511,1
35512,2
35513,14
35514,2
35515,8
35516,1
35517,8
35518,0
35519,1
35520,12
35521,13
35522,1
35523,3
35524,0
35525,0
35526,6
35527,1
35528,5
35529,1
35530,1
35531,0
35532,4
35533,5
35534,5
35535,7
35536,14
35537,2
35538,1
35539,4
35540,14
35541,2
35542,1
35543,14
35544,0
35545,0
35546,10
35547,8
35548,4
35549,0
35550,9
35551,5
35552,9
35553,4
35554,4
35555,0
35556,0
35557,4
35558,5
35559,14
35560,1
35561,0
35562,1
35563,0
35564,5
35565,0
35566,3
35567,1
35568,6
35569,2
35570,14
35571,6
35572,0
35573,7
35574,4
35575,5
35576,4
35577,14
35578,2
35579,1
35580,5
35581,7
35582,2
35583,11
35584,4
35585,14
35586,4
35587,5
35588,10
35589,1
35590,14
35591,9
35592,8
35593,0
35594,1
35595,4
35596,5
35597,8
35598,5
35599,14
35600,14
35601,1
35602,6
35603,3
35604,2
35605,2
35606,8
35607,9
35608,7
35609,8
35610,4
35611,0
35612,4
35613,5
35614,4
35615,14
35616,3
35617,1
35618,0
35619,2
35620,4
35621,8
35622,12
35623,14
35624,8
35625,5
35626,2
35627,5
35628,4
35629,2
35630,14
35631,0
35632,14
35633,10
35634,5
35635,3
35636,9
35637,5
35638,14
35639,8
35640,7
35641,14
35642,0
35643,14
35644,8
35645,0
35646,8
35647,4
35648,2
35649,3
35650,14
35651,9
35652,7
35653,1
35654,1
35655,4
35656,1
35657,0
35658,5
35659,9
35660,13
35661,2
35662,14
35663,0
35664,2
35665,4
35666,6
35667,4
35668,0
35669,1
35670,4
35671,5
35672,14
35673,8
35674,0
35675,1
35676,0
35677,14
35678,5
35679,1
35680,14
35681,5
35682,3
35683,4
35684,8
35685,9
35686,5
35687,3
35688,1
35689,1
35690,8
35691,4
35692,1
35693,14
35694,0
35695,0
35696,10
35697,13
35698,0
35699,13
35700,2
35701,2
35702,2
35703,5
35704,7
35705,1
35706,7
35707,0
35708,2
35709,10
35710,2
35711,14
35712,3
35713,11
35714,1
35715,4
35716,7
35717,2
35718,2
35719,10
35720,11
35721,0
35722,2
35723,0
35724,0
35725,13
35726,4
35727,0
35728,0
35729,7
35730,8
35731,5
35732,13
35733,5
35734,11
35735,3
35736,6
35737,3
35738,5
35739,6
35740,14
35741,13
35742,6
35743,8
35744,1
35745,9
35746,14
35747,12
35748,0
35749,7
35750,0
35751,0
35752,4
35753,10
35754,7
35755,4
35756,11
35757,8
35758,4
35759,11
35760,4
35761,14
35762,14
35763,7
35764,13
35765,8
35766,4
35767,13
35768,1
35769,5
35770,2
35771,2
35772,3
35773,5
35774,4
35775,4
35776,4
35777,14
35778,0
35779,13
35780,0
35781,3
35782,1
35783,2
35784,0
35785,3
35786,4
35787,5
35788,1
35789,5
35790,8
35791,7
35792,1
35793,14
35794,0
35795,8
35796,3
35797,10
35798,2
35799,5
35800,1
35801,13
35802,7
35803,2
35804,8
35805,14
35806,7
35807,5
35808,9
35809,1
35810,5
35811,2
35812,6
35813,1
35814,1
35815,14
35816,5
35817,1
35818,5
35819,5
35820,7
35821,2
35822,14
35823,7
35824,3
35825,2
35826,1
35827,3
35828,10
35829,2
35830,8
35831,6
35832,14
35833,6
35834,7
35835,4
35836,13
35837,0
35838,4
35839,5
35840,9
35841,1
35842,8
35843,1
35844,4
35845,5
35846,5
35847,14
35848,4
35849,12
35850,8
35851,11
35852,6
35853,0
35854,5
35855,0
35856,0
35857,2
35858,5
35859,10
35860,13
35861,9
35862,12
35863,14
35864,4
35865,14
35866,6
35867,5
35868,6
35869,0
35870,5
35871,7
35872,2
35873,6
35874,2
35875,5
35876,6
35877,0
35878,4
35879,5
35880,1
35881,2
35882,5
35883,14
35884,14
35885,5
35886,2
35887,2
35888,4
35889,4
35890,14
35891,1
35892,0
35893,13
35894,11
35895,4
35896,4
35897,1
35898,0
35899,8
35900,2
35901,5
35902,1
35903,13
35904,14
35905,1
35906,0
35907,4
35908,8
35909,1
35910,5
35911,7
35912,1
35913,8
35914,8
35915,0
35916,1
35917,7
35918,3
35919,13
35920,2
35921,0
35922,4
35923,0
35924,14
35925,5
35926,4
35927,1
35928,0
35929,2
35930,3
35931,5
35932,0
35933,2
35934,1
35935,5
35936,6
35937,5
35938,4
35939,4
35940,2
35941,14
35942,3
35943,2
35944,0
35945,5
35946,2
35947,10
35948,2
35949,7
35950,4
35951,7
35952,9
35953,4
35954,12
35955,7
35956,2
35957,4
35958,4
35959,4
35960,14
35961,4
35962,4
35963,14
35964,7
35965,5
35966,11
35967,4
35968,9
35969,5
35970,1
35971,4
35972,2
35973,14
35974,10
35975,0
35976,0
35977,13
35978,5
35979,2
35980,14
35981,6
35982,14
35983,3
35984,7
35985,8
35986,4
35987,5
35988,0
35989,1
35990,8
35991,5
35992,0
35993,4
35994,1
35995,1
35996,8
35997,1
35998,5
35999,11
36000,4
36001,0
36002,6
36003,2
36004,8
36005,7
36006,4
36007,7
36008,0
36009,2
36010,11
36011,14
36012,5
36013,8
36014,7
36015,4
36016,4
36017,4
36018,3
36019,0
36020,4
36021,5
36022,9
36023,2
36024,7
36025,0
36026,14
36027,7
36028,5
36029,9
36030,0
36031,5
36032,8
36033,7
36034,5
36035,0
36036,7
36037,5
36038,9
36039,5
36040,13
36041,0
36042,10
36043,14
36044,4
36045,8
36046,3
36047,2
36048,4
36049,8
36050,4
36051,10
36052,10
36053,10
36054,9
36055,1
36056,8
36057,13
36058,4
36059,6
36060,8
36061,4
36062,4
36063,2
36064,6
36065,1
36066,14
36067,8
36068,2
36069,4
36070,2
36071,14
36072,3
36073,0
36074,0
36075,6
36076,1
36077,4
36078,8
36079,14
36080,2
36081,12
36082,10
36083,1
36084,8
36085,2
36086,6
36087,11
36088,8
36089,10
36090,0
36091,7
36092,5
36093,2
36094,0
36095,2
36096,5
36097,0
36098,14
36099,9
36100,14
36101,10
36102,1
36103,8
36104,8
36105,0
36106,5
36107,14
36108,4
36109,5
36110,4
36111,1
36112,4
36113,4
36114,4
36115,4
36116,5
36117,2
36118,4
36119,5
36120,5
36121,0
36122,1
36123,1
36124,8
36125,6
36126,0
36127,1
36128,0
36129,5
36130,14
36131,6
36132,0
36133,8
36134,2
36135,13
36136,2
36137,4
36138,14
36139,14
36140,8
36141,14
36142,1
36143,14
36144,5
36145,13
36146,4
36147,1
36148,11
36149,1
36150,4
36151,5
36152,1
36153,1
36154,2
36155,2
36156,2
36157,1
36158,0
36159,14
36160,6
36161,2
36162,13
36163,9
36164,4
36165,5
36166,10
36167,0
36168,1
36169,0
36170,1
36171,5
36172,4
36173,14
36174,0
36175,7
36176,14
36177,14
36178,11
36179,7
36180,2
36181,4
36182,0
36183,2
36184,8
36185,1
36186,2
36187,1
36188,2
36189,4
36190,4
36191,14
36192,6
36193,4
36194,2
36195,14
36196,1
36197,3
36198,5
36199,1
36200,2
36201,0
36202,8
36203,3
36204,5
36205,8
36206,11
36207,6
36208,12
36209,14
36210,1
36211,0
36212,14
36213,2
36214,3
36215,2
36216,2
36217,0
36218,1
36219,6
36220,4
36221,8
36222,10
36223,2
36224,1
36225,4
36226,2
36227,0
36228,13
36229,4
36230,9
36231,1
36232,11
36233,8
36234,14
36235,1
36236,5
36237,7
36238,10
36239,4
36240,8
36241,9
36242,5
36243,14
36244,2
36245,1
36246,4
36247,2
36248,1
36249,8
36250,14
36251,14
36252,1
36253,4
36254,2
36255,5
36256,2
36257,13
36258,2
36259,5
36260,14
36261,8
36262,0
36263,3
36264,6
36265,14
36266,10
36267,2
36268,1
36269,1
36270,8
36271,14
36272,14
36273,0
36274,1
36275,8
36276,9
36277,6
36278,5
36279,4
36280,4
36281,7
36282,10
36283,3
36284,4
36285,5
36286,5
36287,5
36288,12
36289,2
36290,9
36291,2
36292,11
36293,14
36294,2
36295,0
36296,8
36297,0
36298,0
36299,5
36300,5
36301,4
36302,1
36303,1
36304,13
36305,6
36306,5
36307,1
36308,3
36309,0
36310,8
36311,0
36312,3
36313,7
36314,0
36315,4
36316,8
36317,8
36318,14
36319,1
36320,7
36321,0
36322,4
36323,0
36324,1
36325,4
36326,8
36327,5
36328,4
36329,11
36330,14
36331,1
36332,7
36333,4
36334,2
36335,8
36336,14
36337,1
36338,5
36339,1
36340,6
36341,5
36342,5
36343,8
36344,6
36345,3
36346,5
36347,5
36348,1
36349,9
36350,14
36351,5
36352,8
36353,13
36354,8
36355,8
36356,2
36357,1
36358,5
36359,11
36360,14
36361,2
36362,10
36363,2
36364,4
36365,8
36366,0
36367,6
36368,2
36369,11
36370,0
36371,2
36372,5
36373,0
36374,8
36375,14
36376,2
36377,1
36378,6
36379,14
36380,14
36381,14
36382,0
36383,0
36384,1
36385,5
36386,5
36387,10
36388,7
36389,0
36390,1
36391,5
36392,2
36393,0
36394,1
36395,9
36396,6
36397,3
36398,4
36399,2
36400,3
36401,8
36402,0
36403,7
36404,4
36405,0
36406,10
36407,4
36408,14
36409,10
36410,5
36411,1
36412,14
36413,3
36414,3
36415,13
36416,13
36417,9
36418,8
36419,13
36420,2
36421,4
36422,2
36423,5
36424,10
36425,4
36426,14
36427,5
36428,8
36429,1
36430,4
36431,0
36432,0
36433,0
36434,13
36435,0
36436,6
36437,11
36438,4
36439,3
36440,5
36441,0
36442,5
36443,4
36444,11
36445,4
36446,11
36447,6
36448,2
36449,4
36450,1
36451,3
36452,10
36453,13
36454,5
36455,5
36456,6
36457,1
36458,5
36459,0
36460,5
36461,6
36462,2
36463,2
36464,2
36465,9
36466,14
36467,6
36468,0
36469,0
36470,10
36471,4
36472,2
36473,4
36474,5
36475,5
36476,10
36477,14
36478,7
36479,6
36480,14
36481,8
36482,2
36483,1
36484,14
36485,2
36486,2
36487,5
36488,8
36489,1
36490,2
36491,1
36492,0
36493,4
36494,0
36495,4
36496,6
36497,14
36498,4
36499,14
36500,2
36501,10
36502,14
36503,9
36504,2
36505,13
36506,1
36507,8
36508,3
36509,2
36510,3
36511,14
36512,7
36513,4
36514,6
36515,9
36516,14
36517,4
36518,2
36519,5
36520,5
36521,4
36522,14
36523,10
36524,14
36525,12
36526,7
36527,13
36528,1
36529,10
36530,4
36531,4
36532,4
36533,13
36534,7
36535,3
36536,1
36537,14
36538,5
36539,5
36540,10
36541,1
36542,4
36543,5
36544,1
36545,11
36546,0
36547,13
36548,1
36549,6
36550,14
36551,1
36552,7
36553,2
36554,9
36555,4
36556,1
36557,13
36558,3
36559,6
36560,0
36561,0
36562,2
36563,4
36564,0
36565,4
36566,5
36567,11
36568,2
36569,3
36570,3
36571,8
36572,7
36573,13
36574,9
36575,13
36576,6
36577,4
36578,8
36579,4
36580,8
36581,0
36582,11
36583,2
36584,14
36585,4
36586,10
36587,3
36588,1
36589,5
36590,9
36591,8
36592,4
36593,4
36594,14
36595,3
36596,4
36597,2
36598,4
36599,0
36600,11
36601,2
36602,13
36603,4
36604,5
36605,1
36606,7
36607,3
36608,0
36609,14
36610,0
36611,4
36612,14
36613,11
36614,5
36615,0
36616,13
36617,6
36618,5
36619,8
36620,5
36621,6
36622,4
36623,2
36624,2
36625,7
36626,0
36627,1
36628,2
36629,2
36630,13
36631,4
36632,7
36633,4
36634,4
36635,8
36636,9
36637,0
36638,0
36639,0
36640,7
36641,10
36642,11
36643,7
36644,0
36645,0
36646,14
36647,3
36648,5
36649,0
36650,14
36651,2
36652,2
36653,4
36654,7
36655,8
36656,7
36657,2
36658,5
36659,0
36660,1
36661,2
36662,13
36663,10
36664,1
36665,14
36666,13
36667,2
36668,0
36669,11
36670,12
36671,2
36672,1
36673,0
36674,4
36675,6
36676,2
36677,1
36678,8
36679,5
36680,14
36681,2
36682,13
36683,6
36684,8
36685,2
36686,0
36687,10
36688,2
36689,13
36690,14
36691,13
36692,14
36693,0
36694,5
36695,7
36696,3
36697,1
36698,5
36699,13
36700,4
36701,2
36702,3
36703,14
36704,4
36705,4
36706,5
36707,8
36708,4
36709,2
36710,3
36711,2
36712,1
36713,13
36714,1
36715,8
36716,2
36717,7
36718,6
36719,7
36720,14
36721,1
36722,0
36723,2
36724,5
36725,7
36726,13
36727,9
36728,13
36729,0
36730,10
36731,9
36732,0
36733,2
36734,14
36735,10
36736,8
36737,5
36738,2
36739,0
36740,0
36741,7
36742,2
36743,14
36744,5
36745,2
36746,5
36747,5
36748,5
36749,6
36750,13
36751,4
36752,10
36753,1
36754,2
36755,3
36756,0
36757,6
36758,14
36759,4
36760,10
36761,0
36762,6
36763,2
36764,8
36765,0
36766,4
36767,0
36768,4
36769,7
36770,8
36771,14
36772,1
36773,7
36774,4
36775,10
36776,12
36777,14
36778,10
36779,5
36780,2
36781,5
36782,1
36783,0
36784,14
36785,13
36786,4
36787,5
36788,0
36789,4
36790,13
36791,3
36792,9
36793,6
36794,1
36795,2
36796,1
36797,4
36798,13
36799,1
36800,2
36801,4
36802,3
36803,4
36804,8
36805,6
36806,4
36807,14
36808,4
36809,7
36810,1
36811,0
36812,0
36813,5
36814,6
36815,2
36816,0
36817,14
36818,2
36819,9
36820,4
36821,12
36822,14
36823,0
36824,2
36825,0
36826,14
36827,6
36828,1
36829,14
36830,6
36831,2
36832,4
36833,13
36834,4
36835,2
36836,4
36837,10
36838,5
36839,8
36840,10
36841,1
36842,2
36843,0
36844,0
36845,5
36846,1
36847,5
36848,4
36849,3
36850,8
36851,12
36852,4
36853,2
36854,5
36855,2
36856,12
36857,8
36858,2
36859,11
36860,14
36861,14
36862,4
36863,1
36864,2
36865,5
36866,9
36867,2
36868,0
36869,0
36870,8
36871,14
36872,1
36873,4
36874,14
36875,1
36876,4
36877,2
36878,14
36879,14
36880,5
36881,14
36882,8
36883,4
36884,2
36885,8
36886,5
36887,4
36888,0
36889,14
36890,14
36891,11
36892,2
36893,5
36894,1
36895,0
36896,11
36897,0
36898,7
36899,6
36900,7
36901,5
36902,14
36903,14
36904,4
36905,10
36906,1
36907,9
36908,14
36909,3
36910,5
36911,14
36912,0
36913,4
36914,7
36915,7
36916,0
36917,2
36918,5
36919,4
36920,8
36921,14
36922,6
36923,14
36924,6
36925,0
36926,8
36927,5
36928,2
36929,3
36930,11
36931,4
36932,10
36933,7
36934,11
36935,5
36936,14
36937,1
36938,1
36939,2
36940,14
36941,0
36942,5
36943,5
36944,10
36945,2
36946,0
36947,8
36948,5
36949,14
36950,3
36951,8
36952,2
36953,0
36954,6
36955,2
36956,6
36957,6
36958,13
36959,7
36960,4
36961,5
36962,7
36963,13
36964,0
36965,1
36966,0
36967,6
36968,14
36969,3
36970,1
36971,7
36972,13
36973,10
36974,8
36975,13
36976,1
36977,1
36978,6
36979,14
36980,5
36981,2
36982,0
36983,5
36984,6
36985,2
36986,5
36987,7
36988,13
36989,11
36990,1
36991,2
36992,14
36993,2
36994,0
36995,10
36996,2
36997,5
36998,10
36999,4
37000,14
37001,2
37002,8
37003,2
37004,3
37005,5
37006,1
37007,6
37008,4
37009,11
37010,4
37011,2
37012,0
37013,8
37014,1
37015,0
37016,2
37017,5
37018,14
37019,3
37020,5
37021,10
37022,13
37023,4
37024,10
37025,4
37026,0
37027,14
37028,3
37029,14
37030,14
37031,2
37032,3
37033,0
37034,0
37035,13
37036,0
37037,4
37038,5
37039,4
37040,5
37041,2
37042,4
37043,0
37044,5
37045,8
37046,6
37047,0
37048,13
37049,1
37050,0
37051,5
37052,7
37053,7
37054,1
37055,7
37056,5
37057,1
37058,3
37059,13
37060,8
37061,1
37062,3
37063,8
37064,1
37065,1
37066,9
37067,2
37068,5
37069,7
37070,8
37071,0
37072,14
37073,2
37074,14
37075,3
37076,2
37077,8
37078,3
37079,1
37080,11
37081,7
37082,1
37083,6
37084,13
37085,4
37086,2
37087,0
37088,2
37089,14
37090,0
37091,0
37092,0
37093,0
37094,7
37095,4
37096,0
37097,11
37098,4
37099,0
37100,5
37101,2
37102,2
37103,14
37104,5
37105,2
37106,2
37107,13
37108,4
37109,5
37110,0
37111,6
37112,10
37113,1
37114,0
37115,1
37116,11
37117,5
37118,5
37119,1
37120,0
37121,2
37122,2
37123,2
37124,8
37125,5
37126,14
37127,7
37128,4
37129,10
37130,1
37131,4
37132,11
37133,13
37134,2
37135,1
37136,8
37137,0
37138,5
37139,14
37140,8
37141,6
37142,5
37143,5
37144,0
37145,5
37146,0
37147,14
37148,6
37149,3
37150,4
37151,7
37152,8
37153,5
37154,3
37155,1
37156,3
37157,0
37158,5
37159,14
37160,2
37161,14
37162,0
37163,4
37164,9
37165,13
37166,1
37167,0
37168,7
37169,13
37170,11
37171,2
37172,13
37173,4
37174,5
37175,14
37176,4
37177,14
37178,14
37179,4
37180,3
37181,3
37182,7
37183,2
37184,13
37185,7
37186,13
37187,2
37188,5
37189,0
37190,6
37191,3
37192,4
37193,14
37194,4
37195,6
37196,14
37197,2
37198,1
37199,8
37200,8
37201,5
37202,11
37203,0
37204,6
37205,4
37206,1
37207,7
37208,8
37209,5
37210,6
37211,8
37212,1
37213,5
37214,1
37215,0
37216,5
37217,6
37218,14
37219,10
37220,7
37221,5
37222,1
37223,11
37224,1
37225,13
37226,14
37227,4
37228,13
37229,5
37230,9
37231,13
37232,14
37233,8
37234,5
37235,13
37236,13
37237,2
37238,1
37239,3
37240,5
37241,1
37242,3
37243,5
37244,4
37245,7
37246,2
37247,2
37248,6
37249,4
37250,13
37251,6
37252,8
37253,2
37254,8
37255,5
37256,7
37257,8
37258,0
37259,5
37260,8
37261,0
37262,4
37263,12
37264,11
37265,4
37266,2
37267,14
37268,0
37269,5
37270,0
37271,7
37272,2
37273,2
37274,1
37275,2
37276,2
37277,4
37278,0
37279,11
37280,10
37281,2
37282,14
37283,1
37284,4
37285,4
37286,2
37287,4
37288,6
37289,0
37290,4
37291,12
37292,3
37293,4
37294,5
37295,4
37296,11
37297,7
37298,2
37299,5
37300,10
37301,2
37302,4
37303,14
37304,8
37305,2
37306,12
37307,1
37308,14
37309,0
37310,8
37311,4
37312,0
37313,4
37314,7
37315,1
37316,1
37317,6
37318,8
37319,6
37320,14
37321,5
37322,12
37323,3
37324,6
37325,4
37326,8
37327,2
37328,1
37329,4
37330,0
37331,2
37332,2
37333,5
37334,2
37335,6
37336,2
37337,5
37338,0
37339,1
37340,11
37341,2
37342,0
37343,2
37344,3
37345,11
37346,5
37347,5
37348,10
37349,5
37350,4
37351,9
37352,14
37353,11
37354,0
37355,4
37356,5
37357,14
37358,4
37359,13
37360,2
37361,8
37362,5
37363,1
37364,0
37365,3
37366,0
37367,2
37368,13
37369,1
37370,14
37371,2
37372,0
37373,11
37374,1
37375,4
37376,1
37377,4
37378,13
37379,10
37380,13
37381,1
37382,4
37383,1
37384,4
37385,14
37386,1
37387,11
37388,5
37389,0
37390,2
37391,4
37392,8
37393,11
37394,11
37395,0
37396,1
37397,2
37398,14
37399,14
37400,5
37401,0
37402,1
37403,14
37404,2
37405,5
37406,2
37407,1
37408,5
37409,5
37410,0
37411,4
37412,5
37413,4
37414,14
37415,7
37416,14
37417,1
37418,2
37419,6
37420,3
37421,0
37422,2
37423,5
37424,8
37425,14
37426,0
37427,4
37428,4
37429,4
37430,1
37431,5
37432,2
37433,8
37434,14
37435,4
37436,2
37437,2
37438,14
37439,14
37440,2
37441,7
37442,2
37443,14
37444,10
37445,12
37446,7
37447,2
37448,14
37449,5
37450,14
37451,4
37452,1
37453,12
37454,3
37455,13
37456,1
37457,0
37458,6
37459,4
37460,5
37461,2
37462,2
37463,14
37464,2
37465,5
37466,13
37467,14
37468,7
37469,4
37470,14
37471,2
37472,11
37473,12
37474,11
37475,8
37476,1
37477,14
37478,13
37479,2
37480,1
37481,10
37482,10
37483,7
37484,10
37485,2
37486,1
37487,8
37488,1
37489,14
37490,3
37491,8
37492,14
37493,8
37494,9
37495,7
37496,8
37497,0
37498,11
37499,2
37500,5
37501,6
37502,7
37503,2
37504,10
37505,6
37506,14
37507,2
37508,4
37509,8
37510,0
37511,14
37512,0
37513,9
37514,2
37515,1
37516,3
37517,1
37518,1
37519,9
37520,14
37521,0
37522,14
37523,10
37524,10
37525,0
37526,4
37527,8
37528,6
37529,1
37530,4
37531,14
37532,5
37533,1
37534,4
37535,4
37536,8
37537,14
37538,1
37539,13
37540,13
37541,0
37542,13
37543,2
37544,10
37545,4
37546,1
37547,4
37548,5
37549,0
37550,7
37551,7
37552,14
37553,14
37554,2
37555,8
37556,2
37557,2
37558,6
37559,12
37560,13
37561,4
37562,2
37563,3
37564,3
37565,5
37566,4
37567,2
37568,4
37569,2
37570,4
37571,5
37572,14
37573,6
37574,4
37575,0
37576,3
37577,1
37578,10
37579,5
37580,0
37581,0
37582,1
37583,3
37584,4
37585,2
37586,6
37587,13
37588,2
37589,12
37590,8
37591,1
37592,6
37593,11
37594,0
37595,8
37596,7
37597,10
37598,0
37599,11
37600,5
37601,2
37602,6
37603,14
37604,2
37605,7
37606,14
37607,2
37608,3
37609,14
37610,2
37611,14
37612,4
37613,5
37614,7
37615,3
37616,2
37617,5
37618,10
37619,1
37620,5
37621,8
37622,4
37623,10
37624,4
37625,3
37626,6
37627,2
37628,0
37629,10
37630,3
37631,14
37632,4
37633,14
37634,1
37635,1
37636,9
37637,1
37638,14
37639,2
37640,0
37641,11
37642,0
37643,2
37644,3
37645,2
37646,0
37647,1
37648,4
37649,11
37650,0
37651,14
37652,8
37653,5
37654,14
37655,0
37656,9
37657,3
37658,0
37659,8
37660,14
37661,4
37662,0
37663,13
37664,2
37665,0
37666,0
37667,4
37668,4
37669,2
37670,7
37671,0
37672,5
37673,0
37674,6
37675,2
37676,4
37677,10
37678,5
37679,0
37680,13
37681,4
37682,2
37683,3
37684,4
37685,7
37686,9
37687,14
37688,11
37689,1
37690,13
37691,4
37692,11
37693,2
37694,14
37695,14
37696,0
37697,8
37698,2
37699,1
37700,14
37701,14
37702,0
37703,6
37704,2
37705,2
37706,0
37707,9
37708,14
37709,0
37710,1
37711,8
37712,1
37713,4
37714,2
37715,10
37716,7
37717,2
37718,0
37719,4
37720,3
37721,4
37722,8
37723,10
37724,6
37725,0
37726,0
37727,0
37728,2
37729,4
37730,0
37731,14
37732,6
37733,5
37734,8
37735,1
37736,14
37737,4
37738,5
37739,1
37740,7
37741,2
37742,5
37743,1
37744,8
37745,1
37746,8
37747,14
37748,0
37749,1
37750,10
37751,3
37752,9
37753,9
37754,1
37755,9
37756,1
37757,2
37758,2
37759,2
37760,7
37761,1
37762,8
37763,5
37764,9
37765,5
37766,0
37767,13
37768,14
37769,3
37770,8
37771,1
37772,14
37773,1
37774,1
37775,14
37776,9
37777,14
37778,5
37779,12
37780,0
37781,7
37782,2
37783,4
37784,3
37785,4
37786,5
37787,4
37788,14
37789,1
37790,0
37791,0
37792,9
37793,0
37794,0
37795,13
37796,5
37797,7
37798,11
37799,8
37800,4
37801,1
37802,2
37803,1
37804,4
37805,11
37806,1
37807,8
37808,14
37809,14
37810,4
37811,6
37812,8
37813,11
37814,7
37815,5
37816,6
37817,4
37818,4
37819,4
37820,9
37821,10
37822,1
37823,13
37824,10
37825,8
37826,10
37827,2
37828,6
37829,1
37830,1
37831,5
37832,12
37833,4
37834,14
37835,0
37836,7
37837,7
37838,5
37839,2
37840,0
37841,4
37842,10
37843,5
37844,1
37845,1
37846,14
37847,10
37848,0
37849,1
37850,0
37851,5
37852,14
37853,2
37854,14
37855,3
37856,14
37857,3
37858,5
37859,0
37860,4
37861,2
37862,1
37863,13
37864,5
37865,5
37866,6
37867,13
37868,1
37869,5
37870,0
37871,14
37872,11
37873,6
37874,9
37875,11
37876,4
37877,4
37878,7
37879,0
37880,5
37881,0
37882,5
37883,3
37884,5
37885,5
37886,1
37887,7
37888,1
37889,0
37890,1
37891,5
37892,5
37893,13
37894,5
37895,1
37896,2
37897,4
37898,2
37899,0
37900,6
37901,1
37902,1
37903,14
37904,2
37905,1
37906,1
37907,7
37908,5
37909,1
37910,12
37911,5
37912,1
37913,4
37914,0
37915,5
37916,7
37917,0
37918,4
37919,5
37920,2
37921,10
37922,2
37923,1
37924,14
37925,5
37926,0
37927,0
37928,3
37929,8
37930,0
37931,0
37932,0
37933,3
37934,12
37935,8
37936,8
37937,4
37938,2
37939,0
37940,6
37941,3
37942,6
37943,1
37944,7
37945,2
37946,10
37947,0
37948,13
37949,1
37950,2
37951,4
37952,0
37953,3
37954,0
37955,14
37956,10
37957,1
37958,13
37959,8
37960,2
37961,9
37962,5
37963,8
37964,5
37965,3
37966,1
37967,2
37968,4
37969,14
37970,9
37971,0
37972,10
37973,9
37974,7
37975,5
37976,2
37977,4
37978,14
37979,5
37980,14
37981,4
37982,14
37983,1
37984,14
37985,5
37986,2
37987,6
37988,5
37989,9
37990,5
37991,0
37992,0
37993,0
37994,2
37995,8
37996,14
37997,5
37998,11
37999,2
38000,2
38001,4
38002,13
38003,6
38004,0
38005,2
38006,4
38007,10
38008,6
38009,2
38010,14
38011,4
38012,2
38013,14
38014,14
38015,3
38016,0
38017,5
38018,2
38019,5
38020,3
38021,2
38022,4
38023,14
38024,6
38025,13
38026,9
38027,8
38028,1
38029,5
38030,4
38031,0
38032,1
38033,9
38034,14
38035,5
38036,4
38037,6
38038,14
38039,5
38040,10
38041,5
38042,5
38043,1
38044,3
38045,13
38046,6
38047,2
38048,3
38049,8
38050,13
38051,5
38052,8
38053,14
38054,2
38055,8
38056,9
38057,1
38058,3
38059,7
38060,1
38061,8
38062,10
38063,8
38064,14
38065,1
38066,10
38067,14
38068,7
38069,7
38070,3
38071,5
38072,0
38073,2
38074,8
38075,4
38076,4
38077,1
38078,4
38079,0
38080,10
38081,8
38082,11
38083,14
38084,9
38085,7
38086,1
38087,0
38088,1
38089,4
38090,4
38091,14
38092,14
38093,2
38094,2
38095,3
38096,14
38097,4
38098,4
38099,13
38100,1
38101,10
38102,14
38103,9
38104,4
38105,1
38106,7
38107,4
38108,3
38109,1
38110,1
38111,0
38112,14
38113,1
38114,0
38115,0
38116,14
38117,8
38118,5
38119,10
38120,11
38121,13
38122,13
38123,4
38124,11
38125,7
38126,5
38127,5
38128,0
38129,7
38130,4
38131,2
38132,13
38133,4
38134,13
38135,5
38136,2
38137,9
38138,1
38139,1
38140,1
38141,8
38142,1
38143,4
38144,13
38145,0
38146,8
38147,7
38148,6
38149,0
38150,4
38151,8
38152,2
38153,1
38154,0
38155,0
38156,5
38157,4
38158,4
38159,1
38160,5
38161,7
38162,8
38163,13
38164,8
38165,1
38166,8
38167,7
38168,5
38169,8
38170,7
38171,8
38172,7
38173,7
38174,0
38175,2
38176,14
38177,4
38178,2
38179,5
38180,4
38181,8
38182,0
38183,3
38184,4
38185,5
38186,4
38187,0
38188,11
38189,4
38190,2
38191,5
38192,2
38193,1
38194,2
38195,8
38196,2
38197,0
38198,1
38199,0
38200,3
38201,6
38202,4
38203,5
38204,2
38205,1
38206,1
38207,5
38208,2
38209,3
38210,2
38211,2
38212,1
38213,14
38214,14
38215,2
38216,0
38217,0
38218,0
38219,1
38220,1
38221,2
38222,8
38223,4
38224,0
38225,6
38226,0
38227,14
38228,2
38229,2
38230,8
38231,2
38232,10
38233,5
38234,13
38235,7
38236,1
38237,2
38238,5
38239,2
38240,4
38241,5
38242,1
38243,1
38244,5
38245,0
38246,14
38247,1
38248,2
38249,11
38250,8
38251,10
38252,3
38253,9
38254,4
38255,11
38256,0
38257,7
38258,10
38259,2
38260,7
38261,1
38262,14
38263,13
38264,1
38265,5
38266,5
38267,14
38268,6
38269,4
38270,0
38271,2
38272,2
38273,14
38274,2
38275,14
38276,4
38277,12
38278,1
38279,14
38280,8
38281,0
38282,2
38283,5
38284,13
38285,2
38286,6
38287,1
38288,14
38289,2
38290,14
38291,4
38292,12
38293,2
38294,11
38295,5
38296,4
38297,14
38298,2
38299,4
38300,0
38301,5
38302,0
38303,14
38304,2
38305,5
38306,5
38307,3
38308,7
38309,14
38310,8
38311,10
38312,10
38313,1
38314,5
38315,2
38316,11
38317,0
38318,1
38319,2
38320,4
38321,2
38322,0
38323,5
38324,0
38325,13
38326,6
38327,13
38328,2
38329,12
38330,11
38331,1
38332,2
38333,14
38334,6
38335,5
38336,14
38337,8
38338,13
38339,1
38340,5
38341,1
38342,1
38343,1
38344,0
38345,0
38346,6
38347,2
38348,14
38349,1
38350,4
38351,4
38352,3
38353,1
38354,3
38355,5
38356,14
38357,14
38358,1
38359,0
38360,0
38361,2
38362,2
38363,3
38364,5
38365,8
38366,3
38367,13
38368,13
38369,1
38370,0
38371,7
38372,7
38373,5
38374,0
38375,11
38376,8
38377,0
38378,9
38379,0
38380,6
38381,2
38382,9
38383,0
38384,2
38385,1
38386,3
38387,4
38388,11
38389,5
38390,0
38391,0
38392,6
38393,13
38394,4
38395,11
38396,3
38397,9
38398,7
38399,13
38400,14
38401,14
38402,8
38403,2
38404,8
38405,6
38406,7
38407,14
38408,9
38409,5
38410,9
38411,6
38412,5
38413,1
38414,13
38415,11
38416,8
38417,7
38418,14
38419,8
38420,14
38421,10
38422,3
38423,2
38424,2
38425,2
38426,14
38427,6
38428,7
38429,4
38430,2
38431,1
38432,10
38433,10
38434,4
38435,13
38436,0
38437,4
38438,0
38439,4
38440,3
38441,0
38442,6
38443,14
38444,13
38445,6
38446,8
38447,7
38448,14
38449,2
38450,0
38451,4
38452,2
38453,4
38454,3
38455,2
38456,14
38457,14
38458,6
38459,4
38460,1
38461,0
38462,2
38463,5
38464,4
38465,13
38466,5
38467,10
38468,2
38469,4
38470,1
38471,8
38472,4
38473,4
38474,2
38475,4
38476,4
38477,14
38478,8
38479,4
38480,3
38481,5
38482,1
38483,0
38484,14
38485,7
38486,14
38487,2
38488,14
38489,0
38490,0
38491,13
38492,4
38493,0
38494,2
38495,0
38496,6
38497,6
38498,8
38499,1
38500,8
38501,0
38502,8
38503,1
38504,5
38505,0
38506,2
38507,7
38508,14
38509,2
38510,8
38511,4
38512,3
38513,2
38514,1
38515,4
38516,8
38517,0
38518,5
38519,6
38520,2
38521,7
38522,0
38523,0
38524,14
38525,3
38526,0
38527,2
38528,8
38529,7
38530,1
38531,5
38532,11
38533,4
38534,1
38535,13
38536,1
38537,14
38538,14
38539,8
38540,8
38541,14
38542,1
38543,0
38544,5
38545,14
38546,1
38547,0
38548,6
38549,8
38550,3
38551,10
38552,10
38553,9
38554,14
38555,4
38556,6
38557,4
38558,7
38559,1
38560,14
38561,3
38562,0
38563,4
38564,4
38565,14
38566,5
38567,14
38568,1
38569,2
38570,2
38571,2
38572,5
38573,1
38574,9
38575,3
38576,8
38577,4
38578,0
38579,8
38580,0
38581,5
38582,3
38583,14
38584,4
38585,5
38586,6
38587,13
38588,1
38589,2
38590,5
38591,14
38592,5
38593,2
38594,7
38595,2
38596,14
38597,11
38598,1
38599,1
38600,6
38601,5
38602,14
38603,9
38604,10
38605,2
38606,2
38607,14
38608,0
38609,13
38610,4
38611,1
38612,1
38613,4
38614,5
38615,10
38616,4
38617,2
38618,8
38619,4
38620,8
38621,5
38622,10
38623,7
38624,1
38625,5
38626,5
38627,5
38628,0
38629,2
38630,2
38631,5
38632,14
38633,0
38634,2
38635,11
38636,0
38637,0
38638,4
38639,5
38640,1
38641,3
38642,3
38643,8
38644,0
38645,8
38646,4
38647,4
38648,6
38649,14
38650,13
38651,2
38652,14
38653,4
38654,0
38655,13
38656,9
38657,4
38658,6
38659,1
38660,0
38661,7
38662,4
38663,8
38664,5
38665,5
38666,5
38667,5
38668,7
38669,10
38670,5
38671,6
38672,4
38673,14
38674,10
38675,8
38676,9
38677,4
38678,2
38679,12
38680,8
38681,1
38682,2
38683,8
38684,4
38685,14
38686,7
38687,2
38688,8
38689,1
38690,2
38691,6
38692,2
38693,5
38694,8
38695,1
38696,4
38697,2
38698,1
38699,13
38700,4
38701,8
38702,8
38703,5
38704,7
38705,11
38706,2
38707,14
38708,5
38709,13
38710,3
38711,12
38712,5
38713,2
38714,5
38715,8
38716,4
38717,5
38718,0
38719,1
38720,4
38721,0
38722,6
38723,7
38724,7
38725,8
38726,11
38727,13
38728,5
38729,0
38730,5
38731,9
38732,5
38733,4
38734,0
38735,12
38736,13
38737,10
38738,7
38739,2
38740,14
38741,1
38742,0
38743,4
38744,5
38745,5
38746,0
38747,14
38748,13
38749,1
38750,2
38751,4
38752,9
38753,2
38754,14
38755,8
38756,4
38757,1
38758,2
38759,11
38760,11
38761,4
38762,4
38763,5
38764,10
38765,3
38766,14
38767,8
38768,2
38769,0
38770,10
38771,8
38772,4
38773,1
38774,5
38775,2
38776,5
38777,0
38778,5
38779,13
38780,14
38781,2
38782,6
38783,4
38784,5
38785,9
38786,0
38787,11
38788,1
38789,14
38790,2
38791,8
38792,8
38793,5
38794,3
38795,4
38796,2
38797,0
38798,7
38799,0
38800,0
38801,0
38802,14
38803,7
38804,0
38805,14
38806,1
38807,5
38808,0
38809,0
38810,7
38811,4
38812,3
38813,0
38814,14
38815,3
38816,7
38817,2
38818,8
38819,4
38820,0
38821,5
38822,2
38823,5
38824,0
38825,7
38826,14
38827,2
38828,4
38829,13
38830,0
38831,4
38832,1
38833,5
38834,4
38835,2
38836,10
38837,0
38838,2
38839,8
38840,2
38841,0
38842,5
38843,3
38844,3
38845,5
38846,4
38847,7
38848,5
38849,4
38850,4
38851,4
38852,4
38853,5
38854,14
38855,0
38856,13
38857,5
38858,6
38859,14
38860,4
38861,3
38862,0
38863,0
38864,4
38865,4
38866,8
38867,4
38868,1
38869,4
38870,10
38871,6
38872,4
38873,4
38874,0
38875,6
38876,6
38877,8
38878,6
38879,5
38880,8
38881,2
38882,5
38883,1
38884,2
38885,3
38886,2
38887,5
38888,0
38889,4
38890,2
38891,2
38892,2
38893,1
38894,0
38895,8
38896,2
38897,14
38898,1
38899,7
38900,9
38901,8
38902,1
38903,1
38904,13
38905,14
38906,6
38907,0
38908,4
38909,1
38910,14
38911,8
38912,3
38913,7
38914,4
38915,3
38916,4
38917,4
38918,10
38919,0
38920,1
38921,2
38922,5
38923,1
38924,13
38925,5
38926,10
38927,14
38928,0
38929,1
38930,4
38931,0
38932,4
38933,8
38934,5
38935,3
38936,13
38937,1
38938,13
38939,2
38940,2
38941,8
38942,11
38943,13
38944,10
38945,0
38946,8
38947,8
38948,10
38949,7
38950,3
38951,2
38952,14
38953,2
38954,0
38955,6
38956,8
38957,8
38958,9
38959,10
38960,1
38961,8
38962,4
38963,10
38964,5
38965,14
38966,8
38967,3
38968,7
38969,5
38970,13
38971,8
38972,7
38973,0
38974,0
38975,3
38976,1
38977,0
38978,7
38979,0
38980,8
38981,7
38982,9
38983,14
38984,4
38985,0
38986,0
38987,13
38988,14
38989,2
38990,14
38991,5
38992,5
38993,4
38994,0
38995,0
38996,14
38997,2
38998,3
38999,4
39000,10
39001,14
39002,14
39003,5
39004,4
39005,1
39006,7
39007,5
39008,4
39009,2
39010,5
39011,2
39012,8
39013,14
39014,8
39015,1
39016,6
39017,5
39018,13
39019,8
39020,5
39021,2
39022,10
39023,10
39024,8
39025,1
39026,1
39027,9
39028,4
39029,9
39030,4
39031,2
39032,8
39033,8
39034,5
39035,4
39036,6
39037,4
39038,13
39039,8
39040,14
39041,5
39042,1
39043,9
39044,11
39045,14
39046,3
39047,13
39048,13
39049,4
39050,6
39051,4
39052,4
39053,5
39054,0
39055,5
39056,0
39057,7
39058,8
39059,4
39060,5
39061,14
39062,14
39063,9
39064,14
39065,14
39066,1
39067,5
39068,0
39069,0
39070,8
39071,13
39072,5
39073,1
39074,0
39075,14
39076,4
39077,14
39078,10
39079,5
39080,3
39081,1
39082,5
39083,4
39084,4
39085,2
39086,10
39087,5
39088,6
39089,0
39090,8
39091,10
39092,1
39093,9
39094,9
39095,3
39096,10
39097,5
39098,10
39099,1
39100,4
39101,14
39102,11
39103,1
39104,13
39105,10
39106,5
39107,2
39108,3
39109,0
39110,6
39111,5
39112,7
39113,8
39114,2
39115,3
39116,4
39117,14
39118,11
39119,0
39120,0
39121,0
39122,5
39123,6
39124,13
39125,0
39126,14
39127,4
39128,7
39129,0
39130,2
39131,12
39132,4
39133,0
39134,1
39135,0
39136,5
39137,2
39138,2
39139,1
39140,7
39141,12
39142,14
39143,3
39144,3
39145,4
39146,5
39147,5
39148,13
39149,1
39150,13
39151,8
39152,3
39153,10
39154,12
39155,8
39156,14
39157,2
39158,5
39159,0
39160,2
39161,6
39162,0
39163,10
39164,12
39165,4
39166,10
39167,4
39168,7
39169,2
39170,8
39171,12
39172,7
39173,5
39174,5
39175,0
39176,10
39177,0
39178,4
39179,4
39180,6
39181,6
39182,5
39183,5
39184,0
39185,1
39186,5
39187,5
39188,5
39189,14
39190,3
39191,2
39192,0
39193,0
39194,8
39195,11
39196,1
39197,14
39198,6
39199,0
39200,1
39201,0
39202,4
39203,6
39204,2
39205,4
39206,5
39207,10
39208,3
39209,5
39210,14
39211,6
39212,4
39213,7
39214,4
39215,4
39216,12
39217,2
39218,14
39219,8
39220,14
39221,3
39222,10
39223,7
39224,4
39225,13
39226,2
39227,0
39228,1
39229,4
39230,1
39231,13
39232,3
39233,0
39234,14
39235,3
39236,0
39237,9
39238,14
39239,1
39240,2
39241,8
39242,11
39243,2
39244,14
39245,9
39246,6
39247,8
39248,3
39249,5
39250,1
39251,14
39252,13
39253,3
39254,5
39255,9
39256,1
39257,4
39258,4
39259,4
39260,14
39261,3
39262,4
39263,0
39264,5
39265,14
39266,5
39267,4
39268,4
39269,3
39270,5
39271,14
39272,1
39273,1
39274,4
39275,14
39276,12
39277,3
39278,6
39279,11
39280,4
39281,3
39282,14
39283,1
39284,0
39285,1
39286,0
39287,14
39288,2
39289,0
39290,5
39291,1
39292,8
39293,0
39294,14
39295,7
39296,4
39297,1
39298,8
39299,12
39300,7
39301,11
39302,1
39303,11
39304,0
39305,2
39306,3
39307,13
39308,3
39309,14
39310,3
39311,14
39312,2
39313,3
39314,14
39315,11
39316,5
39317,5
39318,1
39319,5
39320,10
39321,14
39322,6
39323,14
39324,13
39325,14
39326,3
39327,1
39328,5
39329,7
39330,2
39331,1
39332,9
39333,4
39334,14
39335,13
39336,4
39337,11
39338,1
39339,8
39340,8
39341,4
39342,6
39343,4
39344,4
39345,2
39346,4
39347,1
39348,4
39349,5
39350,1
39351,13
39352,3
39353,7
39354,14
39355,5
39356,14
39357,3
39358,1
39359,10
39360,11
39361,14
39362,4
39363,14
39364,6
39365,0
39366,4
39367,5
39368,4
39369,4
39370,9
39371,4
39372,9
39373,13
39374,14
39375,5
39376,2
39377,7
39378,2
39379,0
39380,14
39381,5
39382,4
39383,8
39384,3
39385,8
39386,7
39387,3
39388,4
39389,2
39390,5
39391,0
39392,6
39393,13
39394,0
39395,0
39396,14
39397,2
39398,11
39399,8
39400,8
39401,3
39402,11
39403,12
39404,4
39405,8
39406,0
39407,4
39408,5
39409,3
39410,2
39411,12
39412,5
39413,14
39414,14
39415,1
39416,3
39417,8
39418,14
39419,11
39420,14
39421,2
39422,4
39423,2
39424,2
39425,5
39426,13
39427,8
39428,13
39429,11
39430,5
39431,8
39432,14
39433,13
39434,1
39435,6
39436,6
39437,4
39438,1
39439,0
39440,14
39441,1
39442,8
39443,8
39444,1
39445,14
39446,4
39447,11
39448,2
39449,3
39450,0
39451,0
39452,8
39453,4
39454,7
39455,0
39456,0
39457,14
39458,1
39459,8
39460,2
39461,1
39462,4
39463,8
39464,1
39465,13
39466,7
39467,1
39468,11
39469,8
39470,3
39471,11
39472,8
39473,5
39474,3
39475,0
39476,4
39477,6
39478,5
39479,9
39480,2
39481,2
39482,5
39483,2
39484,1
39485,10
39486,8
39487,14
39488,14
39489,11
39490,13
39491,11
39492,2
39493,1
39494,1
39495,5
39496,14
39497,0
39498,4
39499,4
39500,6
39501,12
39502,14
39503,4
39504,5
39505,0
39506,8
39507,1
39508,1
39509,8
39510,4
39511,9
39512,2
39513,13
39514,0
39515,2
39516,8
39517,3
39518,8
39519,5
39520,12
39521,1
39522,14
39523,6
39524,2
39525,0
39526,5
39527,8
39528,4
39529,1
39530,3
39531,1
39532,3
39533,5
39534,0
39535,8
39536,2
39537,4
39538,3
39539,4
39540,8
39541,2
39542,1
39543,2
39544,1
39545,4
39546,5
39547,1
39548,10
39549,4
39550,5
39551,11
39552,6
39553,13
39554,0
39555,14
39556,3
39557,1
39558,14
39559,5
39560,0
39561,8
39562,14
39563,5
39564,4
39565,0
39566,1
39567,0
39568,0
39569,8
39570,10
39571,14
39572,7
39573,2
39574,5
39575,5
39576,2
39577,4
39578,10
39579,6
39580,5
39581,13
39582,5
39583,5
39584,1
39585,8
39586,4
39587,14
39588,4
39589,6
39590,4
39591,7
39592,2
39593,2
39594,2
39595,9
39596,0
39597,1
39598,13
39599,9
39600,3
39601,4
39602,1
39603,7
39604,3
39605,10
39606,2
39607,10
39608,3
39609,13
39610,4
39611,7
39612,5
39613,4
39614,5
39615,4
39616,14
39617,4
39618,2
39619,14
39620,2
39621,0
39622,4
39623,2
39624,4
39625,9
39626,4
39627,3
39628,1
39629,10
39630,9
39631,4
39632,6
39633,3
39634,14
39635,2
39636,0
39637,10
39638,9
39639,2
39640,7
39641,10
39642,2
39643,1
39644,9
39645,7
39646,6
39647,0
39648,0
39649,14
39650,0
39651,9
39652,0
39653,12
39654,6
39655,5
39656,1
39657,1
39658,2
39659,10
39660,14
39661,2
39662,14
39663,0
39664,9
39665,0
39666,0
39667,3
39668,5
39669,2
39670,4
39671,2
39672,0
39673,14
39674,10
39675,7
39676,4
39677,3
39678,4
39679,0
39680,1
39681,1
39682,2
39683,0
39684,1
39685,7
39686,1
39687,1
39688,3
39689,4
39690,5
39691,14
39692,5
39693,4
39694,1
39695,14
39696,1
39697,1
39698,2
39699,10
39700,11
39701,14
39702,14
39703,5
39704,4
39705,2
39706,13
39707,1
39708,0
39709,10
39710,5
39711,5
39712,8
39713,2
39714,4
39715,8
39716,1
39717,5
39718,1
39719,8
39720,7
39721,0
39722,2
39723,10
39724,0
39725,10
39726,7
39727,14
39728,0
39729,4
39730,13
39731,10
39732,1
39733,13
39734,2
39735,9
39736,2
39737,4
39738,14
39739,11
39740,4
39741,11
39742,7
39743,1
39744,8
39745,4
39746,11
39747,14
39748,8
39749,2
39750,6
39751,6
39752,1
39753,0
39754,1
39755,10
39756,8
39757,8
39758,9
39759,1
39760,0
39761,3
39762,14
39763,7
39764,5
39765,7
39766,4
39767,0
39768,2
39769,2
39770,4
39771,2
39772,1
39773,5
39774,9
39775,4
39776,2
39777,11
39778,5
39779,5
39780,0
39781,0
39782,3
39783,4
39784,5
39785,7
39786,13
39787,10
39788,9
39789,11
39790,4
39791,6
39792,3
39793,10
39794,5
39795,7
39796,4
39797,14
39798,5
39799,5
39800,4
39801,2
39802,0
39803,2
39804,14
39805,1
39806,2
39807,1
39808,2
39809,5
39810,5
39811,14
39812,2
39813,5
39814,7
39815,1
39816,5
39817,4
39818,2
39819,5
39820,1
39821,3
39822,10
39823,8
39824,4
39825,8
39826,2
39827,4
39828,2
39829,3
39830,0
39831,0
39832,14
39833,2
39834,9
39835,11
39836,14
39837,9
39838,1
39839,14
39840,2
39841,6
39842,8
39843,2
39844,2
39845,3
39846,4
39847,6
39848,5
39849,8
39850,4
39851,7
39852,2
39853,0
39854,1
39855,4
39856,11
39857,4
39858,2
39859,13
39860,1
39861,8
39862,2
39863,3
39864,4
39865,1
39866,2
39867,2
39868,0
39869,10
39870,1
39871,4
39872,7
39873,8
39874,0
39875,2
39876,2
39877,14
39878,8
39879,1
39880,3
39881,7
39882,9
39883,0
39884,4
39885,0
39886,8
39887,6
39888,5
39889,6
39890,1
39891,0
39892,2
39893,4
39894,13
39895,8
39896,5
39897,1
39898,1
39899,8
39900,5
39901,14
39902,4
39903,3
39904,8
39905,13
39906,3
39907,5
39908,1
39909,2
39910,9
39911,0
39912,14
39913,3
39914,2
39915,4
39916,3
39917,4
39918,14
39919,0
39920,7
39921,8
39922,0
39923,5
39924,11
39925,4
39926,3
39927,1
39928,0
39929,4
39930,11
39931,0
39932,14
39933,7
39934,3
39935,1
39936,2
39937,0
39938,8
39939,6
39940,10
39941,7
39942,10
39943,5
39944,5
39945,3
39946,2
39947,8
39948,2
39949,14
39950,13
39951,5
39952,0
39953,3
39954,11
39955,1
39956,1
39957,14
39958,3
39959,0
39960,4
39961,2
39962,6
39963,2
39964,2
39965,6
39966,4
39967,7
39968,5
39969,0
39970,11
39971,3
39972,14
39973,5
39974,14
39975,5
39976,0
39977,0
39978,4
39979,4
39980,4
39981,6
39982,1
39983,5
39984,0
39985,1
39986,4
39987,0
39988,13
39989,4
39990,1
39991,8
39992,6
39993,2
39994,14
39995,1
39996,12
39997,0
39998,8
39999,3
40000,2
40001,4
40002,4
40003,14
40004,6
40005,0
40006,2
40007,2
40008,2
40009,7
40010,2
40011,14
40012,13
40013,1
40014,8
40015,14
40016,2
40017,0
40018,13
40019,0
40020,8
40021,14
40022,2
40023,2
40024,10
40025,8
40026,14
40027,13
40028,1
40029,6
40030,5
40031,7
40032,5
40033,0
40034,4
40035,1
40036,0
40037,5
40038,3
40039,5
40040,8
40041,4
40042,2
40043,8
40044,8
40045,11
40046,0
40047,3
40048,8
40049,1
40050,3
40051,11
40052,7
40053,4
40054,0
40055,7
40056,1
40057,2
40058,0
40059,5
40060,5
40061,2
40062,9
40063,4
40064,14
40065,5
40066,0
40067,8
40068,14
40069,5
40070,5
40071,9
40072,14
40073,0
40074,5
40075,2
40076,8
40077,3
40078,2
40079,0
40080,1
40081,0
40082,3
40083,14
40084,0
40085,2
40086,11
40087,1
40088,11
40089,1
40090,13
40091,4
40092,14
40093,8
40094,14
40095,7
40096,11
40097,2
40098,2
40099,2
40100,4
40101,1
40102,13
40103,11
40104,0
40105,14
40106,4
40107,5
40108,0
40109,6
40110,6
40111,5
40112,10
40113,1
40114,0
40115,1
40116,4
40117,6
40118,6
40119,4
40120,8
40121,13
40122,14
40123,10
40124,2
40125,4
40126,4
40127,1
40128,8
40129,1
40130,4
40131,8
40132,5
40133,5
40134,2
40135,12
40136,8
40137,13
40138,9
40139,14
40140,5
40141,5
40142,2
40143,0
40144,1
40145,6
40146,11
40147,0
40148,14
40149,14
40150,8
40151,2
40152,2
40153,1
40154,4
40155,9
40156,8
40157,11
40158,4
40159,0
40160,8
40161,0
40162,2
40163,4
40164,10
40165,3
40166,13
40167,1
40168,7
40169,2
40170,8
40171,14
40172,11
40173,1
40174,2
40175,11
40176,1
40177,4
40178,3
40179,2
40180,12
40181,10
40182,6
40183,4
40184,0
40185,14
40186,14
40187,2
40188,1
40189,6
40190,1
40191,8
40192,0
40193,8
40194,5
40195,5
40196,7
40197,3
40198,8
40199,14
40200,1
40201,3
40202,2
40203,10
40204,6
40205,1
40206,13
40207,2
40208,5
40209,4
40210,1
40211,8
40212,14
40213,2
40214,12
40215,4
40216,8
40217,2
40218,5
40219,4
40220,3
40221,4
40222,8
40223,4
40224,14
40225,0
40226,5
40227,1
40228,7
40229,1
40230,10
40231,13
40232,1
40233,5
40234,8
40235,13
40236,0
40237,0
40238,6
40239,11
40240,14
40241,8
40242,1
40243,1
40244,4
40245,5
40246,6
40247,5
40248,0
40249,11
40250,4
40251,1
40252,8
40253,5
40254,5
40255,4
40256,5
40257,8
40258,7
40259,5
40260,9
40261,14
40262,12
40263,2
40264,0
40265,7
40266,6
40267,2
40268,13
40269,10
40270,4
40271,10
40272,9
40273,8
40274,4
40275,0
40276,5
40277,14
40278,4
40279,6
40280,14
40281,0
40282,1
40283,0
40284,0
40285,14
40286,14
40287,0
40288,6
40289,2
40290,9
40291,3
40292,7
40293,2
40294,4
40295,5
40296,8
40297,13
40298,10
40299,4
40300,4
40301,0
40302,0
40303,2
40304,4
40305,8
40306,11
40307,7
40308,0
40309,2
40310,4
40311,4
40312,13
40313,13
40314,7
40315,3
40316,5
40317,6
40318,2
40319,4
40320,11
40321,0
40322,2
40323,0
40324,1
40325,1
40326,4
40327,0
40328,4
40329,0
40330,0
40331,4
40332,0
40333,3
40334,8
40335,12
40336,8
40337,4
40338,9
40339,1
40340,8
40341,6
40342,4
40343,4
40344,13
40345,0
40346,1
40347,8
40348,10
40349,1
40350,0
40351,0
40352,0
40353,14
40354,2
40355,9
40356,9
40357,1
40358,0
40359,8
40360,1
40361,4
40362,14
40363,3
40364,5
40365,14
40366,4
40367,0
40368,4
40369,0
40370,4
40371,5
40372,7
40373,3
40374,0
40375,13
40376,9
40377,14
40378,14
40379,14
40380,1
40381,13
40382,2
40383,0
40384,2
40385,5
40386,9
40387,11
40388,6
40389,0
40390,5
40391,12
40392,10
40393,9
40394,3
40395,3
40396,2
40397,0
40398,14
40399,0
40400,9
40401,0
40402,5
40403,2
40404,2
40405,14
40406,4
40407,7
40408,5
40409,4
40410,8
40411,8
40412,2
40413,5
40414,4
40415,1
40416,4
40417,6
40418,14
40419,4
40420,1
40421,13
40422,3
40423,0
40424,6
40425,11
40426,7
40427,8
40428,2
40429,5
40430,0
40431,14
40432,14
40433,2
40434,2
40435,0
40436,5
40437,2
40438,2
40439,2
40440,5
40441,6
40442,4
40443,0
40444,2
40445,0
40446,0
40447,0
40448,4
40449,6
40450,14
40451,2
40452,1
40453,7
40454,2
40455,8
40456,2
40457,14
40458,3
40459,2
40460,7
40461,1
40462,10
40463,0
40464,4
40465,5
40466,5
40467,0
40468,2
40469,5
40470,7
40471,9
40472,1
40473,1
40474,11
40475,5
40476,7
40477,2
40478,4
40479,0
40480,2
40481,8
40482,3
40483,2
40484,5
40485,2
40486,5
40487,1
40488,1
40489,8
40490,4
40491,2
40492,7
40493,13
40494,6
40495,7
40496,0
40497,5
40498,5
40499,5
40500,3
40501,10
40502,2
40503,5
40504,5
40505,8
40506,7
40507,4
40508,2
40509,0
40510,14
40511,13
40512,4
40513,5
40514,10
40515,4
40516,5
40517,14
40518,6
40519,1
40520,14
40521,3
40522,7
40523,5
40524,11
40525,4
40526,5
40527,0
40528,2
40529,12
40530,13
40531,5
40532,0
40533,4
40534,8
40535,8
40536,8
40537,4
40538,4
40539,14
40540,13
40541,8
40542,2
40543,3
40544,4
40545,0
40546,0
40547,14
40548,11
40549,4
40550,5
40551,5
40552,8
40553,11
40554,13
40555,8
40556,0
40557,5
40558,5
40559,1
40560,4
40561,5
40562,10
40563,3
40564,14
40565,2
40566,1
40567,0
40568,13
40569,14
40570,2
40571,8
40572,1
40573,9
40574,2
40575,7
40576,7
40577,14
40578,4
40579,10
40580,14
40581,0
40582,4
40583,11
40584,2
40585,1
40586,5
40587,6
40588,3
40589,13
40590,10
40591,14
40592,2
40593,0
40594,8
40595,4
40596,6
40597,14
40598,14
40599,8
40600,2
40601,8
40602,9
40603,13
40604,5
40605,2
40606,8
40607,5
40608,2
40609,1
40610,9
40611,3
40612,14
40613,13
40614,0
40615,1
40616,14
40617,5
40618,13
40619,2
40620,0
40621,8
40622,8
40623,13
40624,11
40625,13
40626,13
40627,8
40628,5
40629,0
40630,1
40631,14
40632,10
40633,4
40634,3
40635,0
40636,8
40637,1
40638,8
40639,13
40640,13
40641,1
40642,3
40643,1
40644,14
40645,2
40646,1
40647,8
40648,1
40649,7
40650,5
40651,14
40652,2
40653,2
40654,0
40655,5
40656,2
40657,8
40658,4
40659,7
40660,2
40661,14
40662,1
40663,2
40664,8
40665,4
40666,11
40667,1
40668,14
40669,3
40670,0
40671,4
40672,8
40673,0
40674,2
40675,5
40676,6
40677,4
40678,14
40679,3
40680,1
40681,7
40682,5
40683,5
40684,2
40685,13
40686,8
40687,2
40688,0
40689,7
40690,2
40691,14
40692,0
40693,4
40694,6
40695,0
40696,14
40697,1
40698,3
40699,0
40700,6
40701,2
40702,2
40703,6
40704,6
40705,5
40706,2
40707,8
40708,14
40709,1
40710,12
40711,4
40712,5
40713,13
40714,13
40715,12
40716,14
40717,13
40718,1
40719,2
40720,13
40721,8
40722,2
40723,5
40724,4
40725,2
40726,3
40727,0
40728,8
40729,7
40730,2
40731,1
40732,4
40733,0
40734,9
40735,9
40736,0
40737,6
40738,6
40739,3
40740,0
40741,5
40742,4
40743,4
40744,2
40745,4
40746,4
40747,2
40748,2
40749,2
40750,11
40751,6
40752,14
40753,5
40754,7
40755,9
40756,4
40757,10
40758,5
40759,10
40760,11
40761,2
40762,13
40763,13
40764,0
40765,0
40766,5
40767,4
40768,2
40769,2
40770,9
40771,2
40772,1
40773,5
40774,8
40775,2
40776,5
40777,1
40778,2
40779,1
40780,0
40781,3
40782,7
40783,0
40784,8
40785,5
40786,4
40787,12
40788,6
40789,2
40790,14
40791,5
40792,10
40793,1
40794,8
40795,1
40796,2
40797,9
40798,6
40799,14
40800,2
40801,9
40802,5
40803,0
40804,0
40805,14
40806,5
40807,0
40808,7
40809,8
40810,5
40811,5
40812,6
40813,9
40814,8
40815,8
40816,14
40817,8
40818,5
40819,2
40820,2
40821,5
40822,7
40823,8
40824,2
40825,6
40826,5
40827,0
40828,2
40829,5
40830,8
40831,5
40832,0
40833,1
40834,2
40835,10
40836,7
40837,4
40838,5
40839,5
40840,4
40841,8
40842,7
40843,4
40844,6
40845,4
40846,3
40847,5
40848,10
40849,2
40850,0
40851,9
40852,8
40853,8
40854,2
40855,3
40856,2
40857,8
40858,0
40859,5
40860,7
40861,4
40862,13
40863,12
40864,10
40865,2
40866,10
40867,13
40868,4
40869,6
40870,1
40871,1
40872,2
40873,8
40874,10
40875,7
40876,4
40877,5
40878,5
40879,14
40880,1
40881,8
40882,8
40883,0
40884,1
40885,4
40886,11
40887,3
40888,14
40889,4
40890,8
40891,14
40892,1
40893,8
40894,4
40895,11
40896,4
40897,5
40898,14
40899,0
40900,0
40901,0
40902,5
40903,6
40904,11
40905,11
40906,5
40907,1
40908,7
40909,2
40910,4
40911,1
40912,0
40913,4
40914,4
40915,14
40916,2
40917,5
40918,5
40919,14
40920,4
40921,8
40922,0
40923,0
40924,4
40925,0
40926,2
40927,5
40928,2
40929,7
40930,0
40931,8
40932,4
40933,3
40934,1
40935,14
40936,6
40937,0
40938,3
40939,6
40940,2
40941,3
40942,2
40943,5
40944,10
40945,4
40946,4
40947,14
40948,5
40949,0
40950,0
40951,4
40952,6
40953,10
40954,14
40955,1
40956,14
40957,0
40958,8
40959,0
40960,2
40961,0
40962,13
40963,10
40964,14
40965,1
40966,4
40967,14
40968,2
40969,6
40970,2
40971,6
40972,13
40973,4
40974,11
40975,9
40976,14
40977,8
40978,14
40979,5
40980,8
40981,0
40982,8
40983,2
40984,6
40985,5
40986,7
40987,2
40988,4
40989,0
40990,4
40991,1
40992,14
40993,4
40994,2
40995,7
40996,4
40997,14
40998,2
40999,2
41000,11
41001,4
41002,5
41003,0
41004,1
41005,4
41006,0
41007,2
41008,9
41009,4
41010,7
41011,14
41012,0
41013,4
41014,2
41015,1
41016,4
41017,10
41018,6
41019,1
41020,6
41021,0
41022,2
41023,14
41024,0
41025,0
41026,2
41027,8
41028,13
41029,0
41030,3
41031,4
41032,10
41033,14
41034,1
41035,10
41036,6
41037,3
41038,5
41039,1
41040,13
41041,4
41042,5
41043,14
41044,14
41045,1
41046,4
41047,8
41048,4
41049,4
41050,11
41051,3
41052,5
41053,1
41054,5
41055,0
41056,6
41057,2
41058,1
41059,14
41060,1
41061,2
41062,8
41063,7
41064,7
41065,4
41066,2
41067,8
41068,14
41069,8
41070,5
41071,6
41072,14
41073,4
41074,3
41075,4
41076,9
41077,5
41078,1
41079,5
41080,11
41081,7
41082,1
41083,0
41084,8
41085,10
41086,4
41087,6
41088,8
41089,3
41090,7
41091,4
41092,9
41093,2
41094,14
41095,0
41096,5
41097,4
41098,6
41099,0
41100,8
41101,0
41102,4
41103,5
41104,1
41105,8
41106,3
41107,11
41108,1
41109,2
41110,7
41111,8
41112,14
41113,10
41114,2
41115,6
41116,9
41117,6
41118,6
41119,4
41120,9
41121,5
41122,2
41123,7
41124,5
41125,8
41126,14
41127,3
41128,6
41129,14
41130,5
41131,7
41132,14
41133,0
41134,8
41135,14
41136,2
41137,13
41138,5
41139,2
41140,14
41141,14
41142,8
41143,4
41144,14
41145,1
41146,6
41147,11
41148,4
41149,0
41150,8
41151,2
41152,14
41153,1
41154,1
41155,0
41156,14
41157,0
41158,12
41159,3
41160,1
41161,5
41162,4
41163,5
41164,2
41165,13
41166,12
41167,10
41168,14
41169,8
41170,2
41171,0
41172,14
41173,3
41174,10
41175,0
41176,3
41177,2
41178,0
41179,5
41180,11
41181,8
41182,2
41183,5
41184,0
41185,14
41186,1
41187,0
41188,8
41189,1
41190,2
41191,11
41192,9
41193,0
41194,14
41195,7
41196,0
41197,3
41198,7
41199,1
41200,5
41201,4
41202,14
41203,5
41204,6
41205,14
41206,14
41207,8
41208,3
41209,4
41210,14
41211,14
41212,0
41213,8
41214,9
41215,0
41216,10
41217,5
41218,0
41219,2
41220,0
41221,2
41222,3
41223,2
41224,9
41225,6
41226,8
41227,8
41228,4
41229,2
41230,8
41231,5
41232,2
41233,0
41234,8
41235,14
41236,4
41237,5
41238,2
41239,0
41240,14
41241,5
41242,8
41243,14
41244,5
41245,1
41246,4
41247,5
41248,4
41249,1
41250,4
41251,2
41252,4
41253,4
41254,8
41255,7
41256,1
41257,4
41258,0
41259,0
41260,7
41261,8
41262,0
41263,9
41264,10
41265,3
41266,13
41267,6
41268,4
41269,14
41270,8
41271,2
41272,7
41273,0
41274,4
41275,10
41276,4
41277,3
41278,2
41279,1
41280,7
41281,14
41282,1
41283,9
41284,8
41285,1
41286,2
41287,3
41288,1
41289,11
41290,4
41291,0
41292,0
41293,7
41294,4
41295,2
41296,1
41297,4
41298,8
41299,8
41300,0
41301,6
41302,0
41303,2
41304,2
41305,5
41306,3
41307,1
41308,14
41309,6
41310,3
41311,4
41312,8
41313,8
41314,4
41315,2
41316,5
41317,13
41318,1
41319,5
41320,2
41321,7
41322,11
41323,0
41324,5
41325,8
41326,4
41327,6
41328,1
41329,0
41330,2
41331,8
41332,7
41333,4
41334,10
41335,5
41336,1
41337,7
41338,5
41339,0
41340,1
41341,3
41342,2
41343,2
41344,6
41345,8
41346,0
41347,3
41348,5
41349,5
41350,0
41351,4
41352,5
41353,4
41354,11
41355,0
41356,14
41357,6
41358,3
41359,3
41360,2
41361,10
41362,5
41363,0
41364,7
41365,5
41366,2
41367,2
41368,5
41369,8
41370,1
41371,2
41372,1
41373,7
41374,5
41375,4
41376,5
41377,2
41378,0
41379,5
41380,2
41381,14
41382,0
41383,6
41384,14
41385,0
41386,5
41387,3
41388,14
41389,4
41390,0
41391,2
41392,2
41393,9
41394,6
41395,1
41396,4
41397,0
41398,4
41399,2
41400,13
41401,14
41402,0
41403,14
41404,5
41405,2
41406,5
41407,5
41408,4
41409,1
41410,7
41411,5
41412,14
41413,1
41414,9
41415,1
41416,2
41417,2
41418,5
41419,14
41420,3
41421,9
41422,10
41423,8
41424,1
41425,7
41426,6
41427,5
41428,0
41429,4
41430,1
41431,4
41432,11
41433,8
41434,14
41435,4
41436,1
41437,0
41438,6
41439,5
41440,5
41441,8
41442,8
41443,10
41444,0
41445,14
41446,3
41447,3
41448,12
41449,14
41450,6
41451,8
41452,6
41453,11
41454,4
41455,0
41456,13
41457,5
41458,4
41459,8
41460,3
41461,1
41462,8
41463,6
41464,4
41465,5
41466,0
41467,2
41468,5
41469,14
41470,9
41471,0
41472,0
41473,14
41474,4
41475,5
41476,0
41477,4
41478,2
41479,4
41480,8
41481,5
41482,0
41483,1
41484,8
41485,14
41486,14
41487,0
41488,10
41489,4
41490,14
41491,1
41492,1
41493,3
41494,0
41495,3
41496,13
41497,14
41498,1
41499,5
41500,4
41501,14
41502,6
41503,1
41504,14
41505,3
41506,10
41507,6
41508,2
41509,2
41510,14
41511,2
41512,14
41513,5
41514,2
41515,4
41516,11
41517,2
41518,10
41519,3
41520,7
41521,14
41522,4
41523,0
41524,14
41525,5
41526,2
41527,3
41528,5
41529,8
41530,14
41531,3
41532,2
41533,7
41534,13
41535,2
41536,4
41537,0
41538,3
41539,14
41540,14
41541,6
41542,8
41543,1
41544,3
41545,8
41546,10
41547,0
41548,3
41549,5
41550,0
41551,2
41552,4
41553,5
41554,2
41555,0
41556,4
41557,2
41558,14
41559,14
41560,0
41561,1
41562,4
41563,4
41564,10
41565,0
41566,3
41567,0
41568,0
41569,10
41570,0
41571,4
41572,2
41573,5
41574,5
41575,2
41576,6
41577,5
41578,4
41579,6
41580,12
41581,13
41582,8
41583,11
41584,6
41585,5
41586,7
41587,2
41588,4
41589,0
41590,2
41591,8
41592,5
41593,2
41594,1
41595,0
41596,1
41597,2
41598,4
41599,4
41600,14
41601,14
41602,2
41603,7
41604,2
41605,8
41606,0
41607,10
41608,1
41609,4
41610,10
41611,5
41612,6
41613,4
41614,1
41615,13
41616,7
41617,3
41618,7
41619,5
41620,0
41621,4
41622,5
41623,0
41624,8
41625,13
41626,5
41627,5
41628,7
41629,13
41630,4
41631,5
41632,2
41633,5
41634,14
41635,0
41636,6
41637,10
41638,4
41639,11
41640,4
41641,10
41642,4
41643,4
41644,1
41645,0
41646,9
41647,14
41648,8
41649,4
41650,0
41651,0
41652,2
41653,4
41654,8
41655,10
41656,4
41657,2
41658,10
41659,3
41660,6
41661,5
41662,3
41663,4
41664,13
41665,0
41666,4
41667,1
41668,6
41669,2
41670,1
41671,3
41672,5
41673,2
41674,6
41675,2
41676,2
41677,1
41678,0
41679,4
41680,2
41681,4
41682,1
41683,8
41684,0
41685,2
41686,6
41687,3
41688,5
41689,1
41690,11
41691,1
41692,14
41693,14
41694,4
41695,4
41696,0
41697,5
41698,14
41699,9
41700,1
41701,0
41702,2
41703,7
41704,11
41705,5
41706,8
41707,0
41708,2
41709,3
41710,4
41711,7
41712,2
41713,5
41714,8
41715,6
41716,3
41717,10
41718,2
41719,13
41720,4
41721,1
41722,14
41723,4
41724,2
41725,5
41726,14
41727,13
41728,3
41729,1
41730,5
41731,9
41732,0
41733,8
41734,8
41735,10
41736,0
41737,4
41738,5
41739,9
41740,0
41741,11
41742,5
41743,0
41744,0
41745,6
41746,4
41747,7
41748,13
41749,7
41750,5
41751,6
41752,1
41753,3
41754,8
41755,1
41756,5
41757,13
41758,1
41759,0
41760,2
41761,2
41762,8
41763,9
41764,0
41765,14
41766,2
41767,0
41768,13
41769,13
41770,4
41771,4
41772,0
41773,6
41774,1
41775,5
41776,1
41777,7
41778,3
41779,13
41780,6
41781,2
41782,10
41783,8
41784,5
41785,1
41786,3
41787,5
41788,10
41789,1
41790,4
41791,14
41792,13
41793,0
41794,5
41795,4
41796,10
41797,3
41798,2
41799,7
41800,4
41801,4
41802,4
41803,4
41804,2
41805,1
41806,9
41807,0
41808,14
41809,8
41810,6
41811,4
41812,2
41813,1
41814,4
41815,2
41816,2
41817,7
41818,2
41819,14
41820,6
41821,0
41822,14
41823,0
41824,2
41825,2
41826,3
41827,12
41828,14
41829,4
41830,10
41831,5
41832,3
41833,9
41834,14
41835,8
41836,6
41837,10
41838,4
41839,14
41840,0
41841,4
41842,5
41843,1
41844,1
41845,0
41846,9
41847,6
41848,1
41849,5
41850,5
41851,6
41852,0
41853,10
41854,11
41855,0
41856,8
41857,0
41858,2
41859,5
41860,5
41861,1
41862,1
41863,5
41864,4
41865,4
41866,3
41867,7
41868,14
41869,5
41870,5
41871,8
41872,0
41873,7
41874,10
41875,1
41876,2
41877,10
41878,9
41879,11
41880,3
41881,5
41882,8
41883,2
41884,2
41885,0
41886,3
41887,1
41888,2
41889,5
41890,5
41891,14
41892,14
41893,0
41894,2
41895,14
41896,11
41897,2
41898,3
41899,1
41900,3
41901,0
41902,5
41903,5
41904,1
41905,0
41906,8
41907,8
41908,6
41909,14
41910,7
41911,0
41912,0
41913,0
41914,9
41915,7
41916,9
41917,7
41918,14
41919,9
41920,8
41921,6
41922,5
41923,4
41924,1
41925,2
41926,0
41927,2
41928,3
41929,0
41930,3
41931,2
41932,8
41933,4
41934,0
41935,9
41936,0
41937,2
41938,6
41939,10
41940,13
41941,5
41942,14
41943,14
41944,2
41945,4
41946,2
41947,13
41948,9
41949,3
41950,1
41951,1
41952,3
41953,13
41954,14
41955,1
41956,7
41957,0
41958,4
41959,8
41960,4
41961,6
41962,5
41963,2
41964,0
41965,0
41966,1
41967,2
41968,0
41969,1
41970,8
41971,0
41972,14
41973,3
41974,14
41975,1
41976,5
41977,0
41978,14
41979,4
41980,13
41981,1
41982,13
41983,10
41984,1
41985,0
41986,11
41987,12
41988,6
41989,8
41990,2
41991,8
41992,4
41993,3
41994,14
41995,3
41996,5
41997,0
41998,5
41999,2
42000,2
42001,2
42002,2
42003,7
42004,7
42005,3
42006,14
42007,14
42008,0
42009,0
42010,14
42011,8
42012,4
42013,10
42014,2
42015,5
42016,1
42017,0
42018,3
42019,13
42020,8
42021,0
42022,14
42023,9
42024,14
42025,2
42026,0
42027,1
42028,14
42029,11
42030,2
42031,14
42032,5
42033,3
42034,5
42035,2
42036,6
42037,7
42038,6
42039,9
42040,10
42041,4
42042,7
42043,11
42044,4
42045,1
42046,4
42047,8
42048,5
42049,6
42050,6
42051,4
42052,7
42053,0
42054,6
42055,0
42056,0
42057,0
42058,10
42059,5
42060,5
42061,4
42062,6
42063,14
42064,1
42065,8
42066,5
42067,7
42068,0
42069,8
42070,7
42071,7
42072,4
42073,3
42074,14
42075,1
42076,7
42077,2
42078,8
42079,8
42080,3
42081,0
42082,2
42083,14
42084,14
42085,5
42086,2
42087,4
42088,1
42089,0
42090,2
42091,7
42092,5
42093,4
42094,0
42095,13
42096,0
42097,4
42098,10
42099,1
42100,2
42101,0
42102,4
42103,2
42104,5
42105,0
42106,8
42107,2
42108,2
42109,2
42110,1
42111,8
42112,2
42113,5
42114,14
42115,0
42116,4
42117,1
42118,11
42119,4
42120,14
42121,1
42122,0
42123,11
42124,2
42125,7
42126,4
42127,7
42128,5
42129,5
42130,5
42131,7
42132,14
42133,1
42134,14
42135,14
42136,11
42137,11
42138,2
42139,4
42140,0
42141,3
42142,3
42143,8
42144,7
42145,6
42146,12
42147,10
42148,8
42149,2
42150,6
42151,5
42152,0
42153,14
42154,3
42155,8
42156,4
42157,2
42158,4
42159,13
42160,11
42161,5
42162,7
42163,13
42164,7
42165,7
42166,5
42167,4
42168,6
42169,2
42170,14
42171,5
42172,0
42173,14
42174,4
42175,4
42176,0
42177,3
42178,6
42179,4
42180,13
42181,9
42182,14
42183,11
42184,13
42185,14
42186,4
42187,2
42188,3
42189,14
42190,5
42191,14
42192,4
42193,13
42194,10
42195,5
42196,2
42197,4
42198,6
42199,3
42200,3
42201,4
42202,0
42203,2
42204,11
42205,4
42206,5
42207,13
42208,0
42209,4
42210,5
42211,5
42212,14
42213,2
42214,9
42215,2
42216,2
42217,8
42218,14
42219,13
42220,12
42221,14
42222,8
42223,6
42224,14
42225,7
42226,5
42227,5
42228,1
42229,4
42230,14
42231,8
42232,11
42233,1
42234,6
42235,4
42236,3
42237,4
42238,2
42239,8
42240,0
42241,0
42242,3
42243,11
42244,7
42245,14
42246,14
42247,14
42248,6
42249,5
42250,4
42251,4
42252,1
42253,11
42254,7
42255,1
42256,5
42257,11
42258,4
42259,5
42260,1
42261,14
42262,3
42263,3
42264,7
42265,0
42266,6
42267,11
42268,4
42269,4
42270,5
42271,5
42272,0
42273,3
42274,1
42275,1
42276,10
42277,5
42278,7
42279,3
42280,2
42281,0
42282,13
42283,14
42284,0
42285,0
42286,1
42287,1
42288,14
42289,0
42290,2
42291,1
42292,5
42293,4
42294,13
42295,14
42296,2
42297,7
42298,0
42299,9
42300,11
42301,3
42302,1
42303,6
42304,2
42305,7
42306,13
42307,5
42308,14
42309,1
42310,14
42311,2
42312,4
42313,8
42314,13
42315,8
42316,0
42317,1
42318,2
42319,0
42320,5
42321,14
42322,4
42323,3
42324,4
42325,0
42326,9
42327,0
42328,5
42329,1
42330,6
42331,4
42332,13
42333,5
42334,14
42335,4
42336,3
42337,1
42338,11
42339,11
42340,14
42341,11
42342,14
42343,0
42344,0
42345,7
42346,7
42347,7
42348,2
42349,0
42350,0
42351,5
42352,8
42353,6
42354,3
42355,14
42356,14
42357,1
42358,11
42359,1
42360,0
42361,8
42362,8
42363,7
42364,4
42365,5
42366,4
42367,10
42368,1
42369,4
42370,2
42371,1
42372,2
42373,14
42374,4
42375,0
42376,2
42377,6
42378,2
42379,14
42380,14
42381,11
42382,2
42383,4
42384,8
42385,5
42386,4
42387,14
42388,6
42389,8
42390,2
42391,5
42392,8
42393,13
42394,3
42395,8
42396,8
42397,2
42398,8
42399,14
42400,5
42401,5
42402,5
42403,1
42404,0
42405,5
42406,1
42407,0
42408,6
42409,2
42410,14
42411,0
42412,7
42413,1
42414,1
42415,0
42416,1
42417,1
42418,11
42419,4
42420,8
42421,8
42422,0
42423,1
42424,13
42425,8
42426,7
42427,1
42428,13
42429,0
42430,4
42431,8
42432,2
42433,7
42434,2
42435,2
42436,5
42437,1
42438,13
42439,14
42440,1
42441,2
42442,7
42443,5
42444,8
42445,2
42446,9
42447,14
42448,11
42449,8
42450,4
42451,0
42452,2
42453,5
42454,1
42455,2
42456,14
42457,14
42458,5
42459,1
42460,14
42461,14
42462,14
42463,0
42464,5
42465,1
42466,3
42467,1
42468,0
42469,5
42470,13
42471,8
42472,4
42473,4
42474,6
42475,0
42476,1
42477,2
42478,5
42479,2
42480,9
42481,2
42482,4
42483,2
42484,14
42485,3
42486,8
42487,0
42488,2
42489,5
42490,2
42491,13
42492,8
42493,2
42494,5
42495,5
42496,0
42497,5
42498,8
42499,14
42500,3
42501,4
42502,13
42503,7
42504,0
42505,10
42506,4
42507,8
42508,4
42509,2
42510,10
42511,14
42512,14
42513,2
42514,2
42515,2
42516,4
42517,7
42518,1
42519,8
42520,7
42521,2
42522,0
42523,0
42524,2
42525,13
42526,8
42527,14
42528,14
42529,2
42530,0
42531,4
42532,1
42533,4
42534,5
42535,0
42536,2
42537,2
42538,0
42539,4
42540,2
42541,0
42542,13
42543,2
42544,3
42545,4
42546,0
42547,0
42548,11
42549,2
42550,3
42551,2
42552,5
42553,4
42554,0
42555,13
42556,6
42557,6
42558,1
42559,2
42560,14
42561,6
42562,5
42563,4
42564,5
42565,5
42566,10
42567,0
42568,3
42569,6
42570,4
42571,5
42572,13
42573,2
42574,4
42575,14
42576,14
42577,2
42578,0
42579,0
42580,5
42581,0
42582,14
42583,0
42584,14
42585,4
42586,2
42587,2
42588,10
42589,13
42590,14
42591,6
42592,1
42593,13
42594,8
42595,9
42596,14
42597,2
42598,7
42599,2
42600,14
42601,10
42602,1
42603,2
42604,14
42605,0
42606,3
42607,9
42608,0
42609,9
42610,8
42611,5
42612,7
42613,4
42614,2
42615,1
42616,5
42617,1
42618,10
42619,8
42620,11
42621,2
42622,1
42623,8
42624,0
42625,13
42626,1
42627,9
42628,4
42629,5
42630,1
42631,5
42632,6
42633,0
42634,1
42635,4
42636,9
42637,5
42638,14
42639,4
42640,4
42641,14
42642,4
42643,4
42644,1
42645,3
42646,7
42647,1
42648,5
42649,5
42650,10
42651,14
42652,1
42653,3
42654,0
42655,8
42656,7
42657,4
42658,2
42659,14
42660,0
42661,7
42662,0
42663,14
42664,2
42665,7
42666,14
42667,4
42668,1
42669,8
42670,2
42671,6
42672,5
42673,8
42674,2
42675,4
42676,8
42677,7
42678,8
42679,5
42680,6
42681,3
42682,0
42683,0
42684,3
42685,2
42686,8
42687,5
42688,4
42689,10
42690,2
42691,5
42692,11
42693,3
42694,4
42695,0
42696,6
42697,2
42698,6
42699,1
42700,3
42701,1
42702,2
42703,6
42704,8
42705,0
42706,4
42707,3
42708,2
42709,4
42710,5
42711,5
42712,2
42713,6
42714,4
42715,6
42716,1
42717,7
42718,14
42719,14
42720,4
42721,3
42722,4
42723,13
42724,11
42725,1
42726,0
42727,0
42728,14
42729,14
42730,9
42731,0
42732,0
42733,11
42734,1
42735,2
42736,0
42737,6
42738,14
42739,6
42740,10
42741,7
42742,0
42743,14
42744,5
42745,2
42746,4
42747,5
42748,9
42749,0
42750,14
42751,4
42752,1
42753,4
42754,4
42755,2
42756,1
42757,7
42758,2
42759,1
42760,8
42761,14
42762,5
42763,2
42764,10
42765,6
42766,4
42767,5
42768,3
42769,7
42770,6
42771,4
42772,5
42773,14
42774,0
42775,13
42776,4
42777,1
42778,0
42779,5
42780,14
42781,2
42782,7
42783,9
42784,1
42785,3
42786,2
42787,0
42788,2
42789,4
42790,8
42791,4
42792,0
42793,8
42794,2
42795,8
42796,1
42797,14
42798,14
42799,8
42800,6
42801,3
42802,5
42803,10
42804,4
42805,8
42806,0
42807,2
42808,5
42809,13
42810,5
42811,13
42812,4
42813,0
42814,4
42815,4
42816,2
42817,4
42818,0
42819,1
42820,14
42821,2
42822,0
42823,4
42824,14
42825,0
42826,11
42827,11
42828,3
42829,3
42830,1
42831,0
42832,8
42833,3
42834,10
42835,5
42836,1
42837,0
42838,14
42839,5
42840,1
42841,3
42842,4
42843,5
42844,1
42845,14
42846,13
42847,14
42848,9
42849,0
42850,1
42851,3
42852,0
42853,5
42854,5
42855,4
42856,1
42857,4
42858,4
42859,7
42860,7
42861,5
42862,14
42863,10
42864,4
42865,14
42866,2
42867,7
42868,10
42869,4
42870,7
42871,2
42872,14
42873,14
42874,8
42875,0
42876,11
42877,1
42878,3
42879,6
42880,5
42881,7
42882,0
42883,2
42884,5
42885,4
42886,4
42887,11
42888,2
42889,0
42890,3
42891,3
42892,14
42893,5
42894,4
42895,1
42896,2
42897,2
42898,9
42899,0
42900,8
42901,2
42902,5
42903,0
42904,8
42905,0
42906,2
42907,5
42908,1
42909,0
42910,0
42911,2
42912,6
42913,5
42914,7
42915,4
42916,9
42917,2
42918,8
42919,4
42920,8
42921,9
42922,8
42923,8
42924,0
42925,5
42926,1
42927,11
42928,14
42929,4
42930,6
42931,8
42932,3
42933,1
42934,3
42935,0
42936,4
42937,1
42938,6
42939,2
42940,14
42941,4
42942,5
42943,0
42944,2
42945,6
42946,1
42947,2
42948,2
42949,13
42950,14
42951,5
42952,0
42953,2
42954,2
42955,0
42956,14
42957,0
42958,0
42959,7
42960,5
42961,13
42962,1
42963,0
42964,1
42965,6
42966,5
42967,0
42968,14
42969,4
42970,5
42971,13
42972,10
42973,1
42974,4
42975,4
42976,4
42977,1
42978,4
42979,4
42980,14
42981,2
42982,5
42983,4
42984,10
42985,1
42986,3
42987,2
42988,8
42989,2
42990,4
42991,5
42992,1
42993,3
42994,4
42995,5
42996,6
42997,6
42998,2
42999,11
43000,11
43001,14
43002,14
43003,5
43004,2
43005,2
43006,8
43007,4
43008,10
43009,4
43010,2
43011,6
43012,8
43013,8
43014,14
43015,0
43016,0
43017,5
43018,5
43019,7
43020,1
43021,0
43022,8
43023,8
43024,5
43025,1
43026,7
43027,2
43028,5
43029,7
43030,2
43031,5
43032,6
43033,4
43034,0
43035,5
43036,5
43037,0
43038,7
43039,0
43040,1
43041,4
43042,7
43043,14
43044,5
43045,2
43046,14
43047,8
43048,4
43049,2
43050,2
43051,0
43052,7
43053,5
43054,13
43055,5
43056,0
43057,5
43058,2
43059,4
43060,4
43061,14
43062,5
43063,10
43064,4
43065,13
43066,4
43067,5
43068,6
43069,4
43070,0
43071,1
43072,3
43073,0
43074,6
43075,1
43076,8
43077,14
43078,0
43079,4
43080,5
43081,7
43082,5
43083,2
43084,8
43085,2
43086,0
43087,4
43088,8
43089,2
43090,1
43091,14
43092,5
43093,0
43094,3
43095,0
43096,5
43097,2
43098,0
43099,8
43100,7
43101,5
43102,14
43103,2
43104,0
43105,4
43106,0
43107,9
43108,14
43109,4
43110,2
43111,2
43112,4
43113,3
43114,9
43115,11
43116,5
43117,3
43118,11
43119,1
43120,3
43121,14
43122,9
43123,9
43124,7
43125,10
43126,1
43127,4
43128,0
43129,6
43130,1
43131,0
43132,9
43133,4
43134,5
43135,2
43136,1
43137,1
43138,4
43139,0
43140,9
43141,7
43142,4
43143,3
43144,6
43145,14
43146,0
43147,3
43148,14
43149,0
43150,5
43151,7
43152,4
43153,14
43154,8
43155,0
43156,6
43157,7
43158,4
43159,0
43160,2
43161,8
43162,7
43163,14
43164,1
43165,1
43166,4
43167,7
43168,2
43169,6
43170,3
43171,1
43172,13
43173,0
43174,14
43175,4
43176,3
43177,5
43178,1
43179,1
43180,2
43181,14
43182,8
43183,3
43184,9
43185,10
43186,14
43187,11
43188,5
43189,3
43190,2
43191,14
43192,9
43193,14
43194,5
43195,8
43196,1
43197,13
43198,4
43199,10
43200,1
43201,6
43202,4
43203,5
43204,8
43205,4
43206,4
43207,5
43208,3
43209,2
43210,1
43211,11
43212,8
43213,4
43214,4
43215,5
43216,2
43217,8
43218,5
43219,9
43220,0
43221,9
43222,8
43223,3
43224,14
43225,5
43226,5
43227,5
43228,14
43229,4
43230,5
43231,4
43232,1
43233,2
43234,12
43235,4
43236,9
43237,8
43238,1
43239,1
43240,1
43241,13
43242,2
43243,5
43244,14
43245,9
43246,14
43247,10
43248,4
43249,6
43250,13
43251,14
43252,4
43253,2
43254,1
43255,0
43256,4
43257,6
43258,8
43259,8
43260,9
43261,9
43262,14
43263,8
43264,1
43265,10
43266,5
43267,4
43268,6
43269,10
43270,5
43271,12
43272,0
43273,2
43274,0
43275,4
43276,0
43277,5
43278,2
43279,9
43280,11
43281,1
43282,7
43283,10
43284,4
43285,14
43286,2
43287,13
43288,14
43289,0
43290,5
43291,2
43292,4
43293,4
43294,8
43295,1
43296,0
43297,8
43298,1
43299,3
43300,13
43301,8
43302,2
43303,14
43304,2
43305,0
43306,1
43307,7
43308,2
43309,11
43310,14
43311,6
43312,1
43313,1
43314,6
43315,9
43316,10
43317,5
43318,7
43319,7
43320,4
43321,5
43322,0
43323,2
43324,0
43325,1
43326,14
43327,0
43328,2
43329,6
43330,5
43331,14
43332,1
43333,8
43334,6
43335,1
43336,1
43337,7
43338,1
43339,2
43340,4
43341,4
43342,5
43343,2
43344,0
43345,4
43346,2
43347,11
43348,8
43349,5
43350,10
43351,5
43352,13
43353,4
43354,5
43355,8
43356,10
43357,4
43358,14
43359,14
43360,0
43361,6
43362,2
43363,7
43364,7
43365,5
43366,9
43367,2
43368,13
43369,9
43370,7
43371,5
43372,5
43373,8
43374,8
43375,4
43376,7
43377,10
43378,1
43379,5
43380,8
43381,5
43382,0
43383,8
43384,8
43385,8
43386,7
43387,3
43388,0
43389,8
43390,4
43391,1
43392,7
43393,10
43394,0
43395,5
43396,5
43397,14
43398,1
43399,5
43400,0
43401,7
43402,4
43403,2
43404,8
43405,9
43406,0
43407,10
43408,8
43409,0
43410,5
43411,14
43412,14
43413,1
43414,11
43415,4
43416,13
43417,8
43418,13
43419,14
43420,1
43421,1
43422,5
43423,14
43424,1
43425,1
43426,5
43427,14
43428,1
43429,1
43430,10
43431,2
43432,4
43433,1
43434,14
43435,7
43436,5
43437,0
43438,4
43439,8
43440,9
43441,6
43442,14
43443,2
43444,6
43445,2
43446,8
43447,0
43448,0
43449,10
43450,0
43451,5
43452,5
43453,0
43454,14
43455,3
43456,4
43457,8
43458,0
43459,14
43460,9
43461,1
43462,10
43463,4
43464,5
43465,5
43466,4
43467,1
43468,9
43469,11
43470,8
43471,4
43472,8
43473,13
43474,6
43475,4
43476,4
43477,4
43478,4
43479,8
43480,4
43481,4
43482,10
43483,6
43484,3
43485,0
43486,6
43487,7
43488,5
43489,5
43490,7
43491,11
43492,6
43493,2
43494,8
43495,14
43496,4
43497,8
43498,0
43499,13
43500,8
43501,2
43502,4
43503,2
43504,6
43505,3
43506,13
43507,13
43508,1
43509,4
43510,0
43511,1
43512,0
43513,14
43514,5
43515,14
43516,0
43517,4
43518,8
43519,5
43520,2
43521,14
43522,2
43523,4
43524,7
43525,7
43526,0
43527,0
43528,8
43529,0
43530,0
43531,10
43532,0
43533,5
43534,13
43535,14
43536,2
43537,14
43538,14
43539,4
43540,2
43541,13
43542,4
43543,6
43544,4
43545,1
43546,14
43547,1
43548,4
43549,1
43550,3
43551,8
43552,3
43553,13
43554,0
43555,0
43556,11
43557,2
43558,0
43559,13
43560,5
43561,14
43562,0
43563,8
43564,4
43565,14
43566,6
43567,0
43568,2
43569,0
43570,5
43571,6
43572,0
43573,5
43574,2
43575,2
43576,7
43577,0
43578,8
43579,7
43580,3
43581,2
43582,13
43583,14
43584,2
43585,6
43586,5
43587,2
43588,14
43589,5
43590,2
43591,8
43592,9
43593,10
43594,5
43595,1
43596,3
43597,3
43598,2
43599,7
43600,14
43601,7
43602,1
43603,8
43604,8
43605,9
43606,4
43607,11
43608,8
43609,4
43610,5
43611,0
43612,2
43613,2
43614,1
43615,8
43616,4
43617,6
43618,0
43619,4
43620,4
43621,5
43622,14
43623,14
43624,4
43625,3
43626,11
43627,4
43628,2
43629,0
43630,6
43631,14
43632,11
43633,14
43634,5
43635,5
43636,0
43637,4
43638,6
43639,5
43640,1
43641,0
43642,1
43643,8
43644,10
43645,0
43646,5
43647,2
43648,3
43649,8
43650,2
43651,3
43652,5
43653,4
43654,14
43655,10
43656,14
43657,6
43658,6
43659,3
43660,1
43661,12
43662,6
43663,4
43664,14
43665,8
43666,0
43667,0
43668,2
43669,1
43670,10
43671,8
43672,5
43673,13
43674,5
43675,5
43676,7
43677,0
43678,8
43679,0
43680,6
43681,1
43682,13
43683,7
43684,0
43685,4
43686,4
43687,1
43688,8
43689,7
43690,8
43691,13
43692,3
43693,10
43694,6
43695,3
43696,5
43697,13
43698,2
43699,2
43700,1
43701,5
43702,5
43703,4
43704,1
43705,13
43706,6
43707,5
43708,7
43709,5
43710,11
43711,9
43712,14
43713,5
43714,14
43715,14
43716,1
43717,3
43718,4
43719,8
43720,9
43721,3
43722,7
43723,14
43724,5
43725,8
43726,14
43727,14
43728,4
43729,3
43730,4
43731,4
43732,9
43733,0
43734,4
43735,0
43736,2
43737,13
43738,2
43739,13
43740,14
43741,14
43742,2
43743,0
43744,4
43745,7
43746,0
43747,10
43748,2
43749,5
43750,5
43751,0
43752,14
43753,2
43754,1
43755,8
43756,6
43757,7
43758,2
43759,2
43760,4
43761,0
43762,8
43763,8
43764,6
43765,6
43766,1
43767,8
43768,0
43769,4
43770,9
43771,7
43772,6
43773,0
43774,1
43775,8
43776,11
43777,1
43778,1
43779,13
43780,14
43781,3
43782,2
43783,8
43784,5
43785,14
43786,0
43787,2
43788,6
43789,0
43790,14
43791,0
43792,6
43793,0
43794,7
43795,1
43796,14
43797,5
43798,4
43799,13
43800,0
43801,11
43802,4
43803,0
43804,14
43805,14
43806,7
43807,8
43808,4
43809,4
43810,7
43811,0
43812,4
43813,6
43814,13
43815,10
43816,5
43817,2
43818,5
43819,13
43820,5
43821,1
43822,9
43823,2
43824,0
43825,4
43826,0
43827,4
43828,4
43829,9
43830,5
43831,6
43832,0
43833,14
43834,7
43835,5
43836,9
43837,0
43838,14
43839,3
43840,5
43841,5
43842,4
43843,2
43844,5
43845,2
43846,12
43847,3
43848,2
43849,14
43850,6
43851,2
43852,11
43853,13
43854,7
43855,14
43856,1
43857,0
43858,8
43859,6
43860,0
43861,14
43862,0
43863,2
43864,13
43865,2
43866,5
43867,4
43868,7
43869,2
43870,2
43871,1
43872,2
43873,7
43874,0
43875,7
43876,4
43877,1
43878,4
43879,14
43880,1
43881,14
43882,8
43883,7
43884,5
43885,5
43886,4
43887,2
43888,0
43889,3
43890,2
43891,3
43892,5
43893,4
43894,14
43895,3
43896,4
43897,8
43898,11
43899,0
43900,2
43901,8
43902,11
43903,5
43904,2
43905,0
43906,14
43907,1
43908,14
43909,11
43910,2
43911,2
43912,2
43913,1
43914,0
43915,1
43916,1
43917,1
43918,8
43919,5
43920,5
43921,13
43922,7
43923,1
43924,14
43925,4
43926,6
43927,2
43928,5
43929,4
43930,4
43931,5
43932,1
43933,11
43934,7
43935,4
43936,2
43937,3
43938,4
43939,1
43940,6
43941,0
43942,1
43943,5
43944,2
43945,4
43946,12
43947,3
43948,4
43949,4
43950,10
43951,4
43952,10
43953,7
43954,3
43955,4
43956,4
43957,8
43958,8
43959,13
43960,2
43961,4
43962,4
43963,1
43964,7
43965,6
43966,4
43967,8
43968,14
43969,6
43970,14
43971,13
43972,7
43973,3
43974,3
43975,6
43976,0
43977,14
43978,3
43979,0
43980,14
43981,4
43982,4
43983,0
43984,2
43985,2
43986,14
43987,14
43988,2
43989,4
43990,10
43991,1
43992,0
43993,11
43994,1
43995,5
43996,0
43997,7
43998,1
43999,2
44000,4
44001,13
44002,12
44003,4
44004,10
44005,14
44006,6
44007,1
44008,4
44009,1
44010,7
44011,8
44012,1
44013,8
44014,4
44015,14
44016,6
44017,8
44018,3
44019,14
44020,1
44021,4
44022,10
44023,8
44024,14
44025,9
44026,5
44027,4
44028,3
44029,5
44030,4
44031,7
44032,8
44033,2
44034,7
44035,2
44036,1
44037,3
44038,1
44039,8
44040,6
44041,14
44042,8
44043,4
44044,1
44045,0
44046,0
44047,10
44048,6
44049,6
44050,2
44051,0
44052,0
44053,14
44054,8
44055,0
44056,5
44057,0
44058,2
44059,11
44060,4
44061,11
44062,10
44063,4
44064,2
44065,5
44066,14
44067,10
44068,4
44069,13
44070,4
44071,5
44072,4
44073,4
44074,13
44075,2
44076,14
44077,10
44078,0
44079,4
44080,1
44081,2
44082,8
44083,2
44084,5
44085,8
44086,9
44087,1
44088,4
44089,5
44090,0
44091,4
44092,5
44093,0
44094,8
44095,2
44096,5
44097,6
44098,1
44099,9
44100,4
44101,4
44102,1
44103,2
44104,14
44105,5
44106,13
44107,13
44108,4
44109,14
44110,2
44111,3
44112,13
44113,14
44114,7
44115,0
44116,0
44117,0
44118,2
44119,2
44120,9
44121,8
44122,6
44123,1
44124,8
44125,0
44126,13
44127,0
44128,4
44129,6
44130,2
44131,5
44132,7
44133,14
44134,5
44135,8
44136,7
44137,0
44138,5
44139,4
44140,10
44141,14
44142,6
44143,14
44144,14
44145,1
44146,6
44147,2
44148,14
44149,8
44150,2
44151,8
44152,1
44153,13
44154,8
44155,2
44156,4
44157,13
44158,4
44159,14
44160,10
44161,14
44162,4
44163,5
44164,4
44165,2
44166,8
44167,1
44168,10
44169,0
44170,6
44171,0
44172,14
44173,8
44174,14
44175,4
44176,0
44177,11
44178,0
44179,4
44180,5
44181,10
44182,10
44183,2
44184,8
44185,6
44186,1
44187,0
44188,3
44189,2
44190,1
44191,5
44192,8
44193,0
44194,5
44195,5
44196,1
44197,7
44198,5
44199,8
44200,4
44201,0
44202,2
44203,10
44204,2
44205,3
44206,14
44207,3
44208,14
44209,8
44210,10
44211,0
44212,10
44213,9
44214,13
44215,3
44216,0
44217,10
44218,2
44219,12
44220,4
44221,8
44222,4
44223,4
44224,5
44225,3
44226,5
44227,7
44228,13
44229,8
44230,0
44231,14
44232,0
44233,14
44234,9
44235,14
44236,5
44237,0
44238,2
44239,14
44240,10
44241,9
44242,14
44243,0
44244,10
44245,7
44246,6
44247,8
44248,1
44249,4
44250,8
44251,4
44252,14
44253,4
44254,0
44255,2
44256,5
44257,1
44258,2
44259,3
44260,14
44261,2
44262,5
44263,14
44264,14
44265,11
44266,5
44267,14
44268,11
44269,1
44270,9
44271,0
44272,3
44273,0
44274,8
44275,10
44276,5
44277,4
44278,4
44279,1
44280,14
44281,2
44282,4
44283,0
44284,5
44285,9
44286,13
44287,4
44288,5
44289,14
44290,5
44291,5
44292,8
44293,14
44294,10
44295,13
44296,0
44297,5
44298,14
44299,3
44300,7
44301,0
44302,0
44303,2
44304,4
44305,0
44306,0
44307,0
44308,4
44309,8
44310,5
44311,4
44312,11
44313,12
44314,1
44315,1
44316,1
44317,7
44318,12
44319,8
44320,4
44321,8
44322,0
44323,1
44324,2
44325,8
44326,3
44327,14
44328,0
44329,5
44330,1
44331,8
44332,4
44333,5
44334,5
44335,9
44336,14
44337,2
44338,5
44339,1
44340,0
44341,2
44342,13
44343,4
44344,14
44345,3
44346,4
44347,11
44348,13
44349,4
44350,5
44351,8
44352,14
44353,11
44354,5
44355,3
44356,10
44357,0
44358,8
44359,0
44360,10
44361,1
44362,5
44363,4
44364,1
44365,8
44366,1
44367,5
44368,0
44369,1
44370,4
44371,1
44372,4
44373,2
44374,4
44375,14
44376,0
44377,7
44378,10
44379,7
44380,0
44381,9
44382,0
44383,7
44384,2
44385,8
44386,5
44387,14
44388,14
44389,9
44390,14
44391,3
44392,8
44393,4
44394,6
44395,1
44396,4
44397,8
44398,5
44399,5
44400,14
44401,4
44402,1
44403,14
44404,2
44405,14
44406,0
44407,2
44408,5
44409,0
44410,8
44411,0
44412,0
44413,7
44414,10
44415,4
44416,10
44417,6
44418,5
44419,0
44420,14
44421,14
44422,11
44423,5
44424,2
44425,14
44426,1
44427,1
44428,4
44429,4
44430,0
44431,6
44432,4
44433,2
44434,0
44435,8
44436,2
44437,7
44438,0
44439,9
44440,6
44441,11
44442,14
44443,4
44444,2
44445,2
44446,9
44447,2
44448,1
44449,0
44450,8
44451,10
44452,8
44453,8
44454,3
44455,2
44456,0
44457,0
44458,2
44459,5
44460,1
44461,3
44462,3
44463,1
44464,1
44465,8
44466,4
44467,0
44468,4
44469,10
44470,10
44471,0
44472,1
44473,4
44474,8
44475,4
44476,1
44477,1
44478,0
44479,14
44480,0
44481,1
44482,7
44483,7
44484,6
44485,0
44486,13
44487,14
44488,5
44489,14
44490,1
44491,0
44492,2
44493,4
44494,8
44495,5
44496,1
44497,4
44498,5
44499,1
44500,4
44501,14
44502,2
44503,7
44504,0
44505,8
44506,2
44507,6
44508,10
44509,0
44510,14
44511,5
44512,6
44513,3
44514,4
44515,3
44516,14
44517,14
44518,13
44519,10
44520,3
44521,11
44522,0
44523,5
44524,0
44525,4
44526,0
44527,1
44528,1
44529,6
44530,0
44531,6
44532,1
44533,1
44534,8
44535,5
44536,11
44537,4
44538,11
44539,3
44540,4
44541,0
44542,10
44543,11
44544,2
44545,0
44546,5
44547,14
44548,13
44549,8
44550,1
44551,4
44552,4
44553,11
44554,1
44555,4
44556,8
44557,4
44558,4
44559,4
44560,14
44561,13
44562,13
44563,0
44564,7
44565,6
44566,2
44567,13
44568,6
44569,8
44570,5
44571,5
44572,7
44573,7
44574,10
44575,5
44576,2
44577,0
44578,2
44579,0
44580,2
44581,1
44582,1
44583,8
44584,3
44585,1
44586,2
44587,2
44588,7
44589,2
44590,5
44591,14
44592,2
44593,14
44594,0
44595,4
44596,13
44597,2
44598,1
44599,5
44600,0
44601,0
44602,6
44603,0
44604,1
44605,4
44606,4
44607,5
44608,8
44609,14
44610,8
44611,0
44612,12
44613,3
44614,4
44615,8
44616,2
44617,14
44618,8
44619,7
44620,5
44621,1
44622,6
44623,0
44624,8
44625,5
44626,4
44627,2
44628,2
44629,8
44630,5
44631,4
44632,6
44633,4
44634,14
44635,14
44636,1
44637,8
44638,3
44639,3
44640,14
44641,8
44642,4
44643,14
44644,4
44645,5
44646,13
44647,11
44648,3
44649,2
44650,14
44651,9
44652,3
44653,7
44654,2
44655,6
44656,10
44657,13
44658,7
44659,11
44660,3
44661,4
44662,2
44663,14
44664,2
44665,5
44666,14
44667,7
44668,8
44669,5
44670,5
44671,8
44672,2
44673,5
44674,6
44675,7
44676,4
44677,4
44678,14
44679,6
44680,9
44681,3
44682,1
44683,11
44684,13
44685,0
44686,12
44687,5
44688,14
44689,0
44690,6
44691,2
44692,6
44693,8
44694,2
44695,14
44696,2
44697,0
44698,4
44699,1
44700,5
44701,3
44702,4
44703,5
44704,0
44705,3
44706,12
44707,2
44708,2
44709,14
44710,10
44711,12
44712,5
44713,7
44714,10
44715,4
44716,1
44717,2
44718,5
44719,4
44720,14
44721,4
44722,4
44723,11
44724,14
44725,14
44726,10
44727,6
44728,10
44729,4
44730,0
44731,14
44732,1
44733,4
44734,5
44735,2
44736,9
44737,5
44738,0
44739,12
44740,8
44741,8
44742,14
44743,1
44744,13
44745,12
44746,2
44747,2
44748,5
44749,7
44750,4
44751,10
44752,11
44753,2
44754,7
44755,10
44756,5
44757,8
44758,10
44759,0
44760,14
44761,8
44762,2
44763,9
44764,0
44765,14
44766,7
44767,3
44768,14
44769,2
44770,4
44771,1
44772,3
44773,11
44774,14
44775,3
44776,1
44777,14
44778,13
44779,4
44780,5
44781,2
44782,4
44783,10
44784,14
44785,0
44786,9
44787,4
44788,13
44789,1
44790,3
44791,5
44792,0
44793,5
44794,2
44795,2
44796,5
44797,0
44798,2
44799,14
44800,0
44801,3
44802,8
44803,14
44804,1
44805,1
44806,6
44807,13
44808,14
44809,2
44810,3
44811,2
44812,1
44813,10
44814,1
44815,3
44816,0
44817,5
44818,4
44819,8
44820,0
44821,1
44822,4
44823,14
44824,8
44825,10
44826,8
44827,8
44828,2
44829,1
44830,3
44831,4
44832,0
44833,2
44834,2
44835,2
44836,4
44837,4
44838,0
44839,5
44840,1
44841,6
44842,8
44843,1
44844,1
44845,4
44846,1
44847,1
44848,9
44849,5
44850,3
44851,5
44852,4
44853,0
44854,11
44855,10
44856,4
44857,4
44858,8
44859,5
44860,5
44861,11
44862,10
44863,2
44864,12
44865,1
44866,0
44867,3
44868,5
44869,0
44870,14
44871,2
44872,4
44873,8
44874,5
44875,0
44876,1
44877,14
44878,3
44879,6
44880,4
44881,4
44882,5
44883,1
44884,2
44885,0
44886,10
44887,4
44888,1
44889,1
44890,2
44891,4
44892,8
44893,4
44894,0
44895,2
44896,3
44897,0
44898,4
44899,6
44900,7
44901,10
44902,2
44903,14
44904,10
44905,5
44906,8
44907,0
44908,13
44909,2
44910,1
44911,14
44912,14
44913,5
44914,14
44915,13
44916,8
44917,13
44918,1
44919,2
44920,5
44921,9
44922,3
44923,8
44924,1
44925,1
44926,8
44927,7
44928,2
44929,4
44930,14
44931,7
44932,11
44933,8
44934,6
44935,5
44936,0
44937,8
44938,8
44939,0
44940,2
44941,9
44942,3
44943,14
44944,8
44945,4
44946,1
44947,8
44948,14
44949,2
44950,7
44951,3
44952,5
44953,13
44954,1
44955,2
44956,0
44957,8
44958,5
44959,8
44960,9
44961,8
44962,6
44963,1
44964,4
44965,12
44966,2
44967,4
44968,1
44969,2
44970,13
44971,14
44972,6
44973,10
44974,2
44975,4
44976,2
44977,12
44978,4
44979,13
44980,2
44981,0
44982,4
44983,4
44984,0
44985,7
44986,4
44987,1
44988,1
44989,0
44990,14
44991,0
44992,6
44993,2
44994,4
44995,0
44996,4
44997,14
44998,1
44999,7
45000,8
45001,5
45002,2
45003,4
45004,2
45005,10
45006,6
45007,2
45008,2
45009,0
45010,4
45011,5
45012,7
45013,14
45014,14
45015,0
45016,3
45017,8
45018,2
45019,4
45020,9
45021,5
45022,13
45023,14
45024,5
45025,6
45026,8
45027,1
45028,10
45029,1
45030,8
45031,5
45032,4
45033,0
45034,0
45035,2
45036,0
45037,1
45038,2
45039,5
45040,8
45041,14
45042,4
45043,14
45044,0
45045,9
45046,11
45047,14
45048,0
45049,7
45050,0
45051,0
45052,0
45053,14
45054,4
45055,10
45056,7
45057,3
45058,1
45059,12
45060,3
45061,4
45062,5
45063,7
45064,2
45065,6
45066,2
45067,5
45068,4
45069,2
45070,13
45071,0
45072,6
45073,11
45074,5
45075,3
45076,4
45077,0
45078,5
45079,2
45080,1
45081,3
45082,1
45083,5
45084,6
45085,4
45086,2
45087,10
45088,3
45089,8
45090,9
45091,0
45092,9
45093,2
45094,5
45095,9
45096,5
45097,8
45098,2
45099,2
45100,6
45101,6
45102,10
45103,8
45104,2
45105,7
45106,4
45107,5
45108,5
45109,1
45110,8
45111,3
45112,4
45113,5
45114,1
45115,14
45116,4
45117,0
45118,2
45119,5
45120,5
45121,0
45122,3
45123,7
45124,4
45125,5
45126,0
45127,1
45128,2
45129,5
45130,6
45131,8
45132,6
45133,6
45134,13
45135,2
45136,5
45137,1
45138,9
45139,14
45140,14
45141,5
45142,1
45143,0
45144,2
45145,5
45146,7
45147,2
45148,2
45149,14
45150,8
45151,13
45152,10
45153,5
45154,14
45155,3
45156,2
45157,4
45158,10
45159,4
45160,2
45161,14
45162,5
45163,7
45164,5
45165,8
45166,1
45167,8
45168,11
45169,10
45170,4
45171,13
45172,6
45173,0
45174,0
45175,11
45176,4
45177,4
45178,14
45179,4
45180,5
45181,4
45182,13
45183,4
45184,11
45185,0
45186,1
45187,4
45188,0
45189,1
45190,0
45191,10
45192,9
45193,1
45194,5
45195,14
45196,2
45197,1
45198,14
45199,2
45200,2
45201,0
45202,0
45203,2
45204,0
45205,5
45206,1
45207,1
45208,12
45209,0
45210,0
45211,6
45212,9
45213,0
45214,10
45215,6
45216,8
45217,2
45218,1
45219,0
45220,0
45221,5
45222,13
45223,1
45224,0
45225,2
45226,1
45227,7
45228,10
45229,10
45230,4
45231,8
45232,0
45233,5
45234,5
45235,0
45236,5
45237,6
45238,2
45239,0
45240,0
45241,13
45242,8
45243,2
45244,5
45245,2
45246,4
45247,8
45248,14
45249,2
45250,2
45251,5
45252,14
45253,6
45254,2
45255,5
45256,14
45257,6
45258,14
45259,1
45260,0
45261,0
45262,4
45263,0
45264,7
45265,1
45266,5
45267,3
45268,0
45269,0
45270,4
45271,11
45272,14
45273,5
45274,14
45275,4
45276,5
45277,14
45278,1
45279,1
45280,9
45281,10
45282,8
45283,3
45284,14
45285,2
45286,11
45287,7
45288,0
45289,5
45290,4
45291,1
45292,10
45293,7
45294,14
45295,1
45296,4
45297,14
45298,1
45299,5
45300,4
45301,13
45302,0
45303,10
45304,6
45305,0
45306,14
45307,7
45308,6
45309,10
45310,3
45311,14
45312,1
45313,8
45314,5
45315,4
45316,1
45317,1
45318,2
45319,12
45320,1
45321,8
45322,5
45323,5
45324,4
45325,1
45326,10
45327,1
45328,2
45329,14
45330,6
45331,3
45332,4
45333,7
45334,9
45335,14
45336,0
45337,5
45338,1
45339,1
45340,5
45341,8
45342,2
45343,2
45344,5
45345,0
45346,1
45347,2
45348,6
45349,1
45350,1
45351,4
45352,13
45353,14
45354,13
45355,7
45356,14
45357,14
45358,2
45359,11
45360,4
45361,8
45362,2
45363,14
45364,0
45365,3
45366,3
45367,4
45368,7
45369,12
45370,10
45371,2
45372,3
45373,10
45374,0
45375,4
45376,2
45377,14
45378,2
45379,1
45380,1
45381,1
45382,4
45383,11
45384,2
45385,2
45386,4
45387,14
45388,3
45389,14
45390,8
45391,14
45392,13
45393,8
45394,2
45395,11
45396,4
45397,5
45398,0
45399,14
45400,0
45401,0
45402,14
45403,2
45404,8
45405,8
45406,4
45407,6
45408,2
45409,1
45410,8
45411,2
45412,2
45413,11
45414,10
45415,1
45416,3
45417,13
45418,1
45419,0
45420,10
45421,13
45422,4
45423,13
45424,0
45425,5
45426,5
45427,4
45428,7
45429,3
45430,1
45431,2
45432,8
45433,10
45434,8
45435,2
45436,6
45437,6
45438,13
45439,5
45440,6
45441,14
45442,10
45443,14
45444,2
45445,3
45446,10
45447,3
45448,14
45449,3
45450,4
45451,14
45452,2
45453,6
45454,12
45455,10
45456,5
45457,4
45458,0
45459,5
45460,1
45461,4
45462,9
45463,1
45464,5
45465,5
45466,5
45467,14
45468,8
45469,3
45470,14
45471,1
45472,8
45473,9
45474,0
45475,2
45476,0
45477,8
45478,4
45479,1
45480,4
45481,0
45482,11
45483,0
45484,10
45485,2
45486,1
45487,11
45488,3
45489,1
45490,2
45491,12
45492,9
45493,2
45494,1
45495,7
45496,4
45497,4
45498,2
45499,1
45500,1
45501,8
45502,1
45503,2
45504,12
45505,2
45506,2
45507,3
45508,8
45509,0
45510,14
45511,6
45512,5
45513,3
45514,0
45515,0
45516,2
45517,7
45518,4
45519,4
45520,10
45521,13
45522,4
45523,14
45524,11
45525,2
45526,4
45527,4
45528,5
45529,3
45530,5
45531,8
45532,0
45533,2
45534,0
45535,0
45536,13
45537,5
45538,4
45539,14
45540,6
45541,1
45542,4
45543,4
45544,14
45545,2
45546,0
45547,7
45548,0
45549,0
45550,8
45551,6
45552,14
45553,6
45554,13
45555,14
45556,2
45557,13
45558,8
45559,3
45560,4
45561,3
45562,0
45563,8
45564,14
45565,5
45566,1
45567,8
45568,6
45569,2
45570,2
45571,11
45572,3
45573,2
45574,0
45575,2
45576,7
45577,9
45578,4
45579,5
45580,4
45581,13
45582,13
45583,3
45584,11
45585,4
45586,2
45587,1
45588,0
45589,4
45590,2
45591,8
45592,5
45593,10
45594,4
45595,13
45596,3
45597,10
45598,13
45599,0
45600,14
45601,14
45602,5
45603,13
45604,5
45605,10
45606,4
45607,0
45608,2
45609,11
45610,14
45611,11
45612,14
45613,0
45614,0
45615,1
45616,13
45617,9
45618,7
45619,4
45620,13
45621,0
45622,8
45623,14
45624,0
45625,6
45626,4
45627,10
45628,5
45629,11
45630,14
45631,5
45632,0
45633,5
45634,10
45635,2
45636,5
45637,1
45638,4
45639,0
45640,11
45641,11
45642,14
45643,14
45644,14
45645,2
45646,13
45647,10
45648,5
45649,4
45650,7
45651,2
45652,14
45653,0
45654,8
45655,4
45656,13
45657,5
45658,5
45659,5
45660,4
45661,5
45662,4
45663,13
45664,0
45665,7
45666,5
45667,5
45668,3
45669,2
45670,8
45671,4
45672,1
45673,3
45674,7
45675,10
45676,1
45677,1
45678,0
45679,1
45680,2
45681,3
45682,1
45683,5
45684,14
45685,2
45686,7
45687,5
45688,0
45689,7
45690,1
45691,1
45692,7
45693,0
45694,1
45695,1
45696,1
45697,8
45698,4
45699,1
45700,5
45701,13
45702,0
45703,4
45704,0
45705,5
45706,1
45707,0
45708,2
45709,8
45710,10
45711,7
45712,5
45713,0
45714,14
45715,11
45716,13
45717,3
45718,1
45719,14
45720,3
45721,1
45722,9
45723,14
45724,1
45725,5
45726,8
45727,0
45728,0
45729,0
45730,4
45731,5
45732,1
45733,4
45734,5
45735,14
45736,0
45737,0
45738,4
45739,14
45740,2
45741,0
45742,0
45743,1
45744,7
45745,10
45746,5
45747,5
45748,0
45749,5
45750,7
45751,4
45752,1
45753,8
45754,2
45755,14
45756,1
45757,2
45758,13
45759,6
45760,0
45761,5
45762,7
45763,4
45764,12
45765,14
45766,10
45767,4
45768,5
45769,5
45770,10
45771,4
45772,14
45773,5
45774,4
45775,2
45776,13
45777,1
45778,2
45779,0
45780,10
45781,8
45782,0
45783,10
45784,5
45785,14
45786,14
45787,2
45788,4
45789,5
45790,10
45791,0
45792,4
45793,4
45794,2
45795,3
45796,5
45797,0
45798,5
45799,1
45800,6
45801,5
45802,2
45803,1
45804,12
45805,1
45806,14
45807,4
45808,14
45809,14
45810,4
45811,4
45812,4
45813,6
45814,2
45815,11
45816,4
45817,4
45818,8
45819,13
45820,8
45821,2
45822,8
45823,6
45824,0
45825,14
45826,7
45827,4
45828,0
45829,0
45830,14
45831,14
45832,5
45833,13
45834,1
45835,8
45836,6
45837,4
45838,13
45839,2
45840,4
45841,1
45842,5
45843,14
45844,0
45845,14
45846,8
45847,13
45848,0
45849,11
45850,14
45851,7
45852,10
45853,4
45854,0
45855,7
45856,2
45857,2
45858,14
45859,7
45860,9
45861,8
45862,4
45863,0
45864,6
45865,5
45866,5
45867,4
45868,14
45869,3
45870,3
45871,0
45872,4
45873,14
45874,6
45875,8
45876,10
45877,4
45878,6
45879,14
45880,0
45881,8
45882,1
45883,4
45884,1
45885,7
45886,0
45887,13
45888,0
45889,1
45890,0
45891,0
45892,4
45893,7
45894,14
45895,1
45896,2
45897,6
45898,11
45899,4
45900,4
45901,1
45902,4
45903,14
45904,8
45905,1
45906,2
45907,14
45908,4
45909,5
45910,14
45911,5
45912,2
45913,0
45914,10
45915,1
45916,7
45917,0
45918,4
45919,3
45920,10
45921,4
45922,14
45923,9
45924,7
45925,2
45926,4
45927,5
45928,7
45929,13
45930,11
45931,4
45932,4
45933,6
45934,0
45935,8
45936,0
45937,5
45938,2
45939,4
45940,5
45941,0
45942,10
45943,14
45944,4
45945,7
45946,0
45947,3
45948,4
45949,10
45950,0
45951,1
45952,4
45953,8
45954,14
45955,14
45956,4
45957,0
45958,14
45959,0
45960,0
45961,0
45962,10
45963,4
45964,2
45965,8
45966,4
45967,14
45968,4
45969,3
45970,7
45971,5
45972,7
45973,5
45974,8
45975,5
45976,2
45977,4
45978,8
45979,6
45980,4
45981,7
45982,0
45983,8
45984,9
45985,7
45986,9
45987,4
45988,6
45989,1
45990,11
45991,5
45992,4
45993,6
45994,2
45995,2
45996,5
45997,6
45998,2
45999,1
46000,1
46001,3
46002,5
46003,4
46004,6
46005,14
46006,3
46007,5
46008,5
46009,13
46010,1
46011,5
46012,0
46013,10
46014,10
46015,13
46016,6
46017,0
46018,14
46019,9
46020,1
46021,14
46022,4
46023,1
46024,10
46025,0
46026,3
46027,8
46028,7
46029,2
46030,7
46031,14
46032,4
46033,13
46034,2
46035,0
46036,4
46037,14
46038,14
46039,2
46040,10
46041,4
46042,4
46043,14
46044,0
46045,2
46046,2
46047,7
46048,5
46049,4
46050,5
46051,7
46052,1
46053,4
46054,13
46055,7
46056,14
46057,4
46058,14
46059,1
46060,2
46061,5
46062,5
46063,4
46064,2
46065,3
46066,3
46067,0
46068,4
46069,5
46070,3
46071,1
46072,5
46073,2
46074,14
46075,4
46076,1
46077,14
46078,4
46079,0
46080,8
46081,2
46082,10
46083,5
46084,1
46085,2
46086,8
46087,4
46088,0
46089,6
46090,5
46091,7
46092,11
46093,4
46094,5
46095,0
46096,13
46097,1
46098,7
46099,14
46100,0
46101,14
46102,13
46103,0
46104,7
46105,14
46106,8
46107,1
46108,2
46109,0
46110,13
46111,1
46112,2
46113,8
46114,7
46115,5
46116,3
46117,8
46118,11
46119,9
46120,8
46121,2
46122,7
46123,5
46124,7
46125,2
46126,8
46127,14
46128,8
46129,8
46130,4
46131,7
46132,2
46133,6
46134,4
46135,3
46136,14
46137,5
46138,2
46139,0
46140,1
46141,2
46142,7
46143,4
46144,7
46145,8
46146,14
46147,2
46148,7
46149,11
46150,8
46151,2
46152,8
46153,8
46154,1
46155,5
46156,13
46157,7
46158,14
46159,10
46160,4
46161,0
46162,10
46163,10
46164,12
46165,7
46166,4
46167,0
46168,0
46169,4
46170,1
46171,2
46172,8
46173,14
46174,9
46175,8
46176,4
46177,1
46178,9
46179,12
46180,0
46181,14
46182,2
46183,11
46184,9
46185,14
46186,5
46187,10
46188,14
46189,11
46190,7
46191,1
46192,5
46193,5
46194,3
46195,10
46196,2
46197,1
46198,0
46199,13
46200,11
46201,2
46202,4
46203,5
46204,4
46205,13
46206,8
46207,0
46208,1
46209,0
46210,5
46211,11
46212,0
46213,0
46214,8
46215,0
46216,3
46217,4
46218,0
46219,5
46220,9
46221,0
46222,0
46223,1
46224,13
46225,11
46226,6
46227,8
46228,1
46229,0
46230,13
46231,6
46232,3
46233,0
46234,6
46235,10
46236,1
46237,3
46238,2
46239,14
46240,6
46241,5
46242,6
46243,14
46244,4
46245,5
46246,2
46247,2
46248,14
46249,1
46250,2
46251,8
46252,1
46253,8
46254,10
46255,13
46256,2
46257,7
46258,10
46259,8
46260,1
46261,1
46262,6
46263,0
46264,3
46265,9
46266,12
46267,4
46268,1
46269,13
46270,6
46271,6
46272,5
46273,14
46274,2
46275,2
46276,14
46277,0
46278,8
46279,14
46280,5
46281,4
46282,14
46283,6
46284,13
46285,2
46286,1
46287,11
46288,5
46289,13
46290,13
46291,14
46292,4
46293,4
46294,11
46295,5
46296,2
46297,6
46298,1
46299,12
46300,14
46301,9
46302,9
46303,1
46304,14
46305,4
46306,2
46307,4
46308,1
46309,1
46310,1
46311,4
46312,13
46313,0
46314,5
46315,6
46316,7
46317,4
46318,6
46319,2
46320,2
46321,10
46322,5
46323,8
46324,4
46325,10
46326,0
46327,4
46328,0
46329,0
46330,4
46331,1
46332,14
46333,1
46334,10
46335,3
46336,3
46337,0
46338,2
46339,13
46340,5
46341,3
46342,14
46343,2
46344,8
46345,2
46346,0
46347,1
46348,14
46349,11
46350,5
46351,14
46352,1
46353,14
46354,13
46355,5
46356,0
46357,0
46358,5
46359,14
46360,4
46361,5
46362,6
46363,1
46364,4
46365,2
46366,3
46367,3
46368,14
46369,2
46370,5
46371,0
46372,11
46373,14
46374,10
46375,0
46376,6
46377,1
46378,4
46379,2
46380,12
46381,2
46382,8
46383,4
46384,1
46385,0
46386,4
46387,5
46388,4
46389,6
46390,14
46391,2
46392,1
46393,8
46394,14
46395,13
46396,14
46397,2
46398,14
46399,14
46400,4
46401,5
46402,0
46403,7
46404,2
46405,10
46406,1
46407,1
46408,2
46409,1
46410,5
46411,3
46412,13
46413,6
46414,8
46415,2
46416,11
46417,10
46418,0
46419,5
46420,6
46421,3
46422,4
46423,7
46424,7
46425,0
46426,10
46427,1
46428,6
46429,11
46430,0
46431,1
46432,5
46433,12
46434,8
46435,4
46436,7
46437,5
46438,5
46439,14
46440,7
46441,14
46442,4
46443,1
46444,10
46445,10
46446,13
46447,2
46448,2
46449,9
46450,13
46451,14
46452,4
46453,0
46454,3
46455,3
46456,2
46457,2
46458,8
46459,4
46460,5
46461,4
46462,2
46463,4
46464,4
46465,3
46466,10
46467,8
46468,8
46469,13
46470,14
46471,2
46472,5
46473,4
46474,4
46475,2
46476,2
46477,4
46478,2
46479,14
46480,0
46481,11
46482,8
46483,13
46484,4
46485,1
46486,4
46487,14
46488,14
46489,0
46490,10
46491,0
46492,14
46493,10
46494,6
46495,1
46496,8
46497,4
46498,13
46499,14
46500,13
46501,14
46502,5
46503,4
46504,2
46505,4
46506,5
46507,4
46508,5
46509,2
46510,8
46511,5
46512,1
46513,1
46514,2
46515,7
46516,10
46517,0
46518,7
46519,3
46520,8
46521,14
46522,4
46523,5
46524,4
46525,5
46526,2
46527,4
46528,5
46529,2
46530,8
46531,7
46532,0
46533,4
46534,2
46535,13
46536,0
46537,7
46538,6
46539,13
46540,3
46541,2
46542,5
46543,3
46544,8
46545,7
46546,4
46547,13
46548,4
46549,2
46550,0
46551,1
46552,7
46553,14
46554,6
46555,14
46556,1
46557,8
46558,9
46559,4
46560,4
46561,6
46562,1
46563,4
46564,5
46565,4
46566,9
46567,3
46568,6
46569,11
46570,1
46571,6
46572,6
46573,4
46574,4
46575,4
46576,4
46577,14
46578,2
46579,5
46580,5
46581,7
46582,2
46583,11
46584,14
46585,0
46586,2
46587,4
46588,4
46589,4
46590,0
46591,3
46592,5
46593,4
46594,0
46595,5
46596,2
46597,6
46598,1
46599,0
46600,9
46601,0
46602,2
46603,9
46604,2
46605,4
46606,14
46607,4
46608,4
46609,2
46610,2
46611,0
46612,13
46613,11
46614,2
46615,13
46616,3
46617,1
46618,2
46619,10
46620,5
46621,7
46622,2
46623,5
46624,14
46625,6
46626,3
46627,11
46628,10
46629,5
46630,4
46631,0
46632,2
46633,14
46634,14
46635,1
46636,7
46637,3
46638,3
46639,4
46640,4
46641,3
46642,3
46643,0
46644,2
46645,14
46646,11
46647,1
46648,5
46649,5
46650,6
46651,14
46652,6
46653,6
46654,13
46655,2
46656,2
46657,8
46658,14
46659,0
46660,6
46661,5
46662,4
46663,4
46664,14
46665,0
46666,4
46667,14
46668,7
46669,0
46670,4
46671,6
46672,2
46673,5
46674,3
46675,4
46676,3
46677,2
46678,3
46679,1
46680,8
46681,1
46682,8
46683,11
46684,4
46685,2
46686,13
46687,0
46688,8
46689,2
46690,4
46691,2
46692,10
46693,6
46694,5
46695,9
46696,1
46697,0
46698,4
46699,14
46700,6
46701,11
46702,13
46703,12
46704,4
46705,6
46706,2
46707,0
46708,9
46709,4
46710,7
46711,1
46712,0
46713,5
46714,11
46715,6
46716,1
46717,5
46718,6
46719,3
46720,3
46721,0
46722,13
46723,5
46724,1
46725,8
46726,4
46727,14
46728,6
46729,2
46730,10
46731,14
46732,8
46733,2
46734,11
46735,3
46736,2
46737,14
46738,2
46739,11
46740,5
46741,0
46742,0
46743,0
46744,8
46745,5
46746,5
46747,4
46748,1
46749,1
46750,14
46751,7
46752,1
46753,1
46754,4
46755,5
46756,3
46757,1
46758,0
46759,4
46760,13
46761,8
46762,5
46763,13
46764,14
46765,2
46766,14
46767,9
46768,6
46769,1
46770,7
46771,2
46772,5
46773,7
46774,1
46775,4
46776,4
46777,0
46778,2
46779,5
46780,13
46781,1
46782,4
46783,1
46784,3
46785,14
46786,0
46787,0
46788,2
46789,10
46790,8
46791,13
46792,4
46793,2
46794,2
46795,2
46796,4
46797,2
46798,5
46799,2
46800,13
46801,10
46802,14
46803,9
46804,5
46805,8
46806,6
46807,2
46808,9
46809,4
46810,13
46811,0
46812,2
46813,14
46814,6
46815,5
46816,14
46817,14
46818,14
46819,3
46820,3
46821,3
46822,10
46823,4
46824,8
46825,5
46826,13
46827,2
46828,14
46829,1
46830,5
46831,14
46832,5
46833,2
46834,9
46835,4
46836,1
46837,4
46838,3
46839,0
46840,2
46841,8
46842,7
46843,8
46844,10
46845,14
46846,0
46847,14
46848,0
46849,4
46850,5
46851,0
46852,14
46853,11
46854,13
46855,14
46856,2
46857,11
46858,4
46859,14
46860,1
46861,14
46862,10
46863,3
46864,2
46865,14
46866,2
46867,5
46868,5
46869,2
46870,4
46871,4
46872,14
46873,5
46874,14
46875,1
46876,13
46877,5
46878,4
46879,7
46880,5
46881,8
46882,4
46883,1
46884,14
46885,1
46886,0
46887,2
46888,9
46889,14
46890,0
46891,1
46892,2
46893,14
46894,5
46895,8
46896,5
46897,1
46898,14
46899,14
46900,8
46901,0
46902,1
46903,12
46904,1
46905,14
46906,7
46907,2
46908,14
46909,4
46910,7
46911,4
46912,13
46913,5
46914,5
46915,4
46916,5
46917,6
46918,2
46919,7
46920,0
46921,2
46922,4
46923,2
46924,0
46925,7
46926,4
46927,2
46928,7
46929,5
46930,10
46931,2
46932,14
46933,0
46934,1
46935,2
46936,0
46937,13
46938,2
46939,8
46940,0
46941,7
46942,3
46943,14
46944,14
46945,3
46946,8
46947,8
46948,11
46949,10
46950,3
46951,4
46952,0
46953,4
46954,13
46955,1
46956,0
46957,11
46958,0
46959,8
46960,9
46961,3
46962,14
46963,2
46964,13
46965,5
46966,4
46967,14
46968,14
46969,4
46970,11
46971,0
46972,4
46973,10
46974,3
46975,0
46976,2
46977,14
46978,10
46979,1
46980,4
46981,5
46982,14
46983,7
46984,2
46985,2
46986,0
46987,0
46988,5
46989,4
46990,14
46991,3
46992,4
46993,5
46994,12
46995,7
46996,3
46997,4
46998,7
46999,0
47000,11
47001,9
47002,8
47003,4
47004,1
47005,5
47006,13
47007,8
47008,2
47009,2
47010,9
47011,13
47012,8
47013,8
47014,13
47015,14
47016,12
47017,3
47018,14
47019,7
47020,0
47021,0
47022,13
47023,5
47024,14
47025,1
47026,0
47027,0
47028,7
47029,2
47030,5
47031,5
47032,14
47033,10
47034,1
47035,1
47036,14
47037,5
47038,8
47039,8
47040,2
47041,0
47042,8
47043,1
47044,13
47045,5
47046,5
47047,6
47048,5
47049,8
47050,4
47051,7
47052,8
47053,1
47054,3
47055,2
47056,4
47057,7
47058,7
47059,0
47060,5
47061,0
47062,4
47063,13
47064,5
47065,14
47066,4
47067,14
47068,0
47069,0
47070,14
47071,0
47072,8
47073,2
47074,0
47075,4
47076,8
47077,4
47078,4
47079,8
47080,4
47081,5
47082,1
47083,1
47084,7
47085,10
47086,14
47087,4
47088,14
47089,2
47090,4
47091,7
47092,1
47093,2
47094,13
47095,5
47096,1
47097,1
47098,4
47099,0
47100,4
47101,14
47102,1
47103,13
47104,10
47105,14
47106,13
47107,3
47108,3
47109,4
47110,14
47111,14
47112,3
47113,4
47114,14
47115,8
47116,2
47117,12
47118,0
47119,13
47120,8
47121,2
47122,4
47123,2
47124,8
47125,7
47126,4
47127,1
47128,7
47129,4
47130,2
47131,9
47132,1
47133,7
47134,8
47135,3
47136,2
47137,4
47138,1
47139,9
47140,0
47141,0
47142,1
47143,7
47144,2
47145,4
47146,14
47147,13
47148,0
47149,2
47150,8
47151,7
47152,10
47153,8
47154,0
47155,14
47156,1
47157,5
47158,6
47159,8
47160,4
47161,5
47162,0
47163,2
47164,13
47165,4
47166,4
47167,14
47168,1
47169,5
47170,1
47171,1
47172,0
47173,4
47174,4
47175,14
47176,14
47177,5
47178,5
47179,5
47180,8
47181,2
47182,4
47183,2
47184,14
47185,14
47186,5
47187,10
47188,1
47189,14
47190,4
47191,7
47192,6
47193,14
47194,4
47195,2
47196,2
47197,11
47198,1
47199,6
47200,8
47201,1
47202,8
47203,0
47204,10
47205,5
47206,4
47207,2
47208,0
47209,14
47210,13
47211,4
47212,0
47213,5
47214,0
47215,0
47216,14
47217,1
47218,4
47219,1
47220,1
47221,11
47222,2
47223,1
47224,0
47225,4
47226,11
47227,8
47228,13
47229,14
47230,8
47231,0
47232,0
47233,2
47234,4
47235,5
47236,1
47237,3
47238,1
47239,4
47240,0
47241,14
47242,11
47243,2
47244,8
47245,4
47246,5
47247,2
47248,9
47249,1
47250,7
47251,8
47252,2
47253,14
47254,13
47255,3
47256,0
47257,5
47258,10
47259,5
47260,0
47261,10
47262,2
47263,9
47264,1
47265,8
47266,5
47267,14
47268,4
47269,6
47270,0
47271,2
47272,2
47273,8
47274,4
47275,1
47276,13
47277,4
47278,2
47279,2
47280,0
47281,2
47282,4
47283,1
47284,3
47285,7
47286,1
47287,10
47288,8
47289,0
47290,1
47291,2
47292,4
47293,6
47294,6
47295,13
47296,5
47297,12
47298,1
47299,1
47300,6
47301,5
47302,2
47303,14
47304,1
47305,5
47306,3
47307,0
47308,4
47309,5
47310,1
47311,8
47312,0
47313,2
47314,2
47315,3
47316,0
47317,10
47318,6
47319,6
47320,0
47321,4
47322,2
47323,5
47324,5
47325,4
47326,1
47327,3
47328,3
47329,0
47330,6
47331,3
47332,4
47333,13
47334,4
47335,1
47336,6
47337,14
47338,5
47339,6
47340,0
47341,1
47342,8
47343,3
47344,2
47345,0
47346,6
47347,0
47348,2
47349,1
47350,4
47351,2
47352,3
47353,8
47354,14
47355,1
47356,5
47357,7
47358,8
47359,8
47360,1
47361,2
47362,4
47363,5
47364,7
47365,4
47366,2
47367,5
47368,14
47369,14
47370,14
47371,3
47372,2
47373,8
47374,4
47375,3
47376,4
47377,3
47378,3
47379,3
47380,8
47381,4
47382,0
47383,2
47384,14
47385,8
47386,8
47387,5
47388,13
47389,14
47390,5
47391,0
47392,8
47393,4
47394,1
47395,14
47396,2
47397,8
47398,1
47399,4
47400,0
47401,4
47402,4
47403,2
47404,0
47405,2
47406,7
47407,13
47408,2
47409,2
47410,4
47411,4
47412,1
47413,2
47414,0
47415,2
47416,6
47417,13
47418,8
47419,6
47420,10
47421,1
47422,14
47423,3
47424,3
47425,4
47426,2
47427,7
47428,0
47429,1
47430,13
47431,0
47432,14
47433,2
47434,6
47435,7
47436,8
47437,11
47438,2
47439,0
47440,8
47441,0
47442,8
47443,9
47444,2
47445,8
47446,2
47447,0
47448,14
47449,8
47450,4
47451,8
47452,8
47453,7
47454,7
47455,2
47456,5
47457,8
47458,2
47459,5
47460,4
47461,1
47462,0
47463,14
47464,4
47465,2
47466,0
47467,1
47468,7
47469,14
47470,8
47471,2
47472,0
47473,7
47474,1
47475,4
47476,14
47477,4
47478,2
47479,13
47480,3
47481,4
47482,3
47483,9
47484,1
47485,13
47486,4
47487,4
47488,4
47489,13
47490,5
47491,13
47492,1
47493,2
47494,2
47495,11
47496,10
47497,6
47498,8
47499,2
47500,14
47501,6
47502,2
47503,0
47504,1
47505,1
47506,13
47507,4
47508,5
47509,1
47510,13
47511,5
47512,4
47513,5
47514,5
47515,4
47516,8
47517,6
47518,2
47519,13
47520,1
47521,4
47522,0
47523,1
47524,1
47525,10
47526,1
47527,4
47528,0
47529,2
47530,11
47531,10
47532,2
47533,4
47534,8
47535,7
47536,11
47537,11
47538,11
47539,8
47540,10
47541,4
47542,2
47543,5
47544,3
47545,0
47546,2
47547,1
47548,1
47549,2
47550,4
47551,7
47552,8
47553,14
47554,14
47555,0
47556,7
47557,4
47558,14
47559,5
47560,8
47561,2
47562,2
47563,4
47564,4
47565,10
47566,10
47567,1
47568,2
47569,4
47570,6
47571,0
47572,5
47573,0
47574,1
47575,6
47576,11
47577,1
47578,7
47579,1
47580,2
47581,1
47582,1
47583,4
47584,6
47585,13
47586,4
47587,4
47588,1
47589,4
47590,14
47591,13
47592,14
47593,14
47594,5
47595,2
47596,8
47597,1
47598,14
47599,6
47600,10
47601,2
47602,1
47603,14
47604,6
47605,11
47606,8
47607,3
47608,0
47609,4
47610,5
47611,6
47612,9
47613,5
47614,8
47615,2
47616,4
47617,4
47618,7
47619,7
47620,1
47621,0
47622,5
47623,2
47624,2
47625,5
47626,6
47627,13
47628,10
47629,3
47630,7
47631,2
47632,4
47633,11
47634,4
47635,1
47636,13
47637,10
47638,14
47639,0
47640,10
47641,2
47642,1
47643,4
47644,2
47645,8
47646,0
47647,4
47648,13
47649,0
47650,1
47651,4
47652,4
47653,2
47654,5
47655,9
47656,4
47657,7
47658,10
47659,1
47660,4
47661,4
47662,1
47663,9
47664,3
47665,2
47666,14
47667,2
47668,8
47669,4
47670,1
47671,1
47672,2
47673,9
47674,4
47675,14
47676,7
47677,5
47678,5
47679,4
47680,2
47681,2
47682,14
47683,2
47684,5
47685,5
47686,2
47687,3
47688,0
47689,3
47690,6
47691,4
47692,7
47693,12
47694,4
47695,10
47696,6
47697,10
47698,10
47699,8
47700,3
47701,13
47702,4
47703,11
47704,5
47705,1
47706,3
47707,13
47708,14
47709,14
47710,5
47711,4
47712,5
47713,13
47714,4
47715,4
47716,4
47717,4
47718,6
47719,7
47720,11
47721,10
47722,5
47723,3
47724,14
47725,0
47726,13
47727,0
47728,14
47729,5
47730,8
47731,14
47732,7
47733,4
47734,4
47735,4
47736,5
47737,2
47738,5
47739,7
47740,1
47741,2
47742,14
47743,0
47744,0
47745,1
47746,5
47747,4
47748,13
47749,2
47750,2
47751,8
47752,5
47753,7
47754,4
47755,9
47756,7
47757,5
47758,13
47759,13
47760,13
47761,5
47762,8
47763,5
47764,1
47765,13
47766,4
47767,12
47768,1
47769,3
47770,13
47771,1
47772,3
47773,4
47774,14
47775,5
47776,1
47777,9
47778,1
47779,2
47780,1
47781,0
47782,10
47783,7
47784,2
47785,9
47786,1
47787,1
47788,6
47789,5
47790,7
47791,1
47792,7
47793,2
47794,3
47795,8
47796,3
47797,14
47798,5
47799,5
47800,0
47801,1
47802,4
47803,5
47804,2
47805,5
47806,14
47807,1
47808,11
47809,4
47810,0
47811,2
47812,2
47813,14
47814,1
47815,2
47816,8
47817,0
47818,14
47819,0
47820,8
47821,4
47822,8
47823,1
47824,8
47825,8
47826,2
47827,3
47828,0
47829,4
47830,4
47831,14
47832,7
47833,1
47834,4
47835,1
47836,5
47837,0
47838,7
47839,3
47840,6
47841,8
47842,4
47843,14
47844,8
47845,2
47846,2
47847,5
47848,2
47849,1
47850,4
47851,11
47852,2
47853,8
47854,2
47855,14
47856,4
47857,2
47858,4
47859,7
47860,4
47861,8
47862,8
47863,1
47864,2
47865,10
47866,13
47867,6
47868,5
47869,10
47870,14
47871,10
47872,0
47873,14
47874,7
47875,1
47876,9
47877,14
47878,7
47879,14
47880,5
47881,14
47882,7
47883,13
47884,5
47885,1
47886,10
47887,2
47888,5
47889,3
47890,6
47891,14
47892,0
47893,6
47894,0
47895,10
47896,3
47897,11
47898,14
47899,4
47900,4
47901,0
47902,2
47903,3
47904,3
47905,13
47906,5
47907,13
47908,0
47909,1
47910,0
47911,4
47912,14
47913,4
47914,2
47915,3
47916,6
47917,0
47918,7
47919,13
47920,5
47921,6
47922,4
47923,2
47924,0
47925,3
47926,4
47927,2
47928,14
47929,0
47930,13
47931,4
47932,2
47933,11
47934,4
47935,7
47936,0
47937,5
47938,0
47939,2
47940,0
47941,2
47942,2
47943,2
47944,1
47945,5
47946,5
47947,2
47948,0
47949,1
47950,4
47951,0
47952,13
47953,3
47954,8
47955,1
47956,2
47957,9
47958,0
47959,13
47960,5
47961,1
47962,5
47963,14
47964,5
47965,10
47966,9
47967,1
47968,1
47969,1
47970,14
47971,2
47972,14
47973,2
47974,0
47975,9
47976,10
47977,7
47978,2
47979,0
47980,8
47981,0
47982,14
47983,5
47984,4
47985,7
47986,0
47987,3
47988,14
47989,13
47990,6
47991,4
47992,5
47993,5
47994,5
47995,1
47996,3
47997,9
47998,10
47999,3
48000,14
48001,1
48002,13
48003,8
48004,7
48005,11
48006,1
48007,3
48008,6
48009,3
48010,1
48011,5
48012,8
48013,0
48014,14
48015,3
48016,14
48017,2
48018,0
48019,13
48020,4
48021,1
48022,3
48023,4
48024,5
48025,2
48026,14
48027,8
48028,12
48029,14
48030,4
48031,8
48032,10
48033,1
48034,3
48035,3
48036,8
48037,4
48038,8
48039,5
48040,4
48041,4
48042,4
48043,2
48044,2
48045,1
48046,13
48047,0
48048,2
48049,2
48050,6
48051,0
48052,1
48053,8
48054,3
48055,4
48056,8
48057,14
48058,4
48059,1
48060,4
48061,13
48062,5
48063,2
48064,5
48065,10
48066,0
48067,3
48068,8
48069,1
48070,6
48071,9
48072,14
48073,7
48074,2
48075,6
48076,14
48077,4
48078,5
48079,2
48080,2
48081,0
48082,8
48083,0
48084,2
48085,1
48086,14
48087,2
48088,4
48089,1
48090,8
48091,2
48092,14
48093,13
48094,2
48095,11
48096,6
48097,1
48098,1
48099,6
48100,5
48101,4
48102,4
48103,4
48104,2
48105,1
48106,9
48107,4
48108,6
48109,7
48110,1
48111,2
48112,5
48113,1
48114,0
48115,2
48116,1
48117,5
48118,2
48119,14
48120,3
48121,8
48122,2
48123,5
48124,5
48125,10
48126,0
48127,3
48128,4
48129,4
48130,14
48131,13
48132,10
48133,0
48134,7
48135,0
48136,7
48137,6
48138,10
48139,4
48140,3
48141,0
48142,0
48143,7
48144,7
48145,2
48146,0
48147,0
48148,3
48149,12
48150,1
48151,1
48152,0
48153,9
48154,3
48155,0
48156,8
48157,4
48158,13
48159,14
48160,4
48161,2
48162,5
48163,5
48164,5
48165,10
48166,1
48167,4
48168,4
48169,12
48170,13
48171,4
48172,1
48173,1
48174,2
48175,13
48176,14
48177,2
48178,8
48179,6
48180,0
48181,7
48182,2
48183,10
48184,0
48185,1
48186,2
48187,1
48188,0
48189,5
48190,8
48191,9
48192,5
48193,14
48194,2
48195,5
48196,4
48197,1
48198,13
48199,5
48200,1
48201,10
48202,2
48203,10
48204,2
48205,1
48206,1
48207,13
48208,1
48209,9
48210,0
48211,2
48212,4
48213,11
48214,13
48215,8
48216,3
48217,14
48218,11
48219,2
48220,5
48221,7
48222,8
48223,2
48224,9
48225,12
48226,3
48227,5
48228,2
48229,13
48230,14
48231,2
48232,11
48233,0
48234,3
48235,14
48236,14
48237,5
48238,1
48239,2
48240,3
48241,0
48242,4
48243,0
48244,0
48245,3
48246,2
48247,8
48248,3
48249,3
48250,4
48251,8
48252,2
48253,2
48254,7
48255,5
48256,1
48257,2
48258,2
48259,6
48260,0
48261,13
48262,13
48263,8
48264,0
48265,5
48266,14
48267,14
48268,8
48269,13
48270,0
48271,10
48272,7
48273,11
48274,14
48275,5
48276,2
48277,1
48278,1
48279,0
48280,4
48281,4
48282,6
48283,0
48284,6
48285,7
48286,0
48287,4
48288,0
48289,2
48290,5
48291,8
48292,14
48293,4
48294,4
48295,5
48296,14
48297,3
48298,0
48299,4
48300,1
48301,3
48302,14
48303,4
48304,2
48305,10
48306,5
48307,4
48308,1
48309,1
48310,2
48311,6
48312,11
48313,2
48314,14
48315,6
48316,3
48317,11
48318,10
48319,0
48320,13
48321,2
48322,1
48323,5
48324,8
48325,2
48326,4
48327,5
48328,0
48329,1
48330,7
48331,1
48332,1
48333,3
48334,5
48335,7
48336,5
48337,4
48338,2
48339,1
48340,3
48341,12
48342,5
48343,4
48344,14
48345,2
48346,8
48347,5
48348,10
48349,1
48350,10
48351,5
48352,4
48353,4
48354,2
48355,8
48356,7
48357,5
48358,5
48359,2
48360,3
48361,5
48362,8
48363,4
48364,1
48365,10
48366,4
48367,6
48368,6
48369,5
48370,1
48371,9
48372,4
48373,8
48374,1
48375,7
48376,2
48377,7
48378,5
48379,6
48380,8
48381,8
48382,7
48383,2
48384,12
48385,5
48386,7
48387,2
48388,7
48389,7
48390,2
48391,1
48392,5
48393,4
48394,2
48395,5
48396,5
48397,13
48398,0
48399,10
48400,1
48401,4
48402,13
48403,6
48404,0
48405,6
48406,3
48407,1
48408,8
48409,0
48410,8
48411,2
48412,8
48413,14
48414,0
48415,14
48416,1
48417,7
48418,4
48419,3
48420,0
48421,5
48422,14
48423,5
48424,3
48425,0
48426,14
48427,2
48428,13
48429,2
48430,10
48431,14
48432,7
48433,14
48434,2
48435,3
48436,4
48437,8
48438,4
48439,4
48440,2
48441,8
48442,0
48443,3
48444,0
48445,0
48446,14
48447,5
48448,4
48449,14
48450,0
48451,2
48452,5
48453,1
48454,2
48455,13
48456,4
48457,5
48458,5
48459,5
48460,12
48461,3
48462,0
48463,13
48464,8
48465,4
48466,2
48467,10
48468,11
48469,14
48470,5
48471,1
48472,14
48473,1
48474,0
48475,14
48476,4
48477,0
48478,2
48479,6
48480,3
48481,5
48482,5
48483,1
48484,5
48485,6
48486,10
48487,14
48488,5
48489,2
48490,4
48491,2
48492,11
48493,4
48494,10
48495,0
48496,4
48497,4
48498,4
48499,2
48500,4
48501,14
48502,11
48503,14
48504,5
48505,4
48506,2
48507,8
48508,0
48509,14
48510,4
48511,11
48512,4
48513,4
48514,4
48515,4
48516,1
48517,14
48518,5
48519,14
48520,2
48521,5
48522,2
48523,2
48524,2
48525,14
48526,8
48527,2
48528,0
48529,0
48530,5
48531,3
48532,3
48533,4
48534,14
48535,5
48536,11
48537,5
48538,0
48539,1
48540,6
48541,5
48542,4
48543,3
48544,7
48545,7
48546,11
48547,4
48548,4
48549,4
48550,2
48551,11
48552,7
48553,1
48554,13
48555,0
48556,14
48557,1
48558,11
48559,7
48560,3
48561,0
48562,12
48563,0
48564,5
48565,2
48566,2
48567,13
48568,0
48569,2
48570,1
48571,14
48572,6
48573,1
48574,11
48575,7
48576,4
48577,8
48578,1
48579,0
48580,5
48581,6
48582,5
48583,3
48584,6
48585,2
48586,13
48587,10
48588,5
48589,0
48590,5
48591,0
48592,4
48593,5
48594,14
48595,9
48596,1
48597,1
48598,2
48599,7
48600,10
48601,13
48602,14
48603,13
48604,10
48605,1
48606,1
48607,5
48608,2
48609,13
48610,10
48611,8
48612,5
48613,5
48614,2
48615,13
48616,14
48617,0
48618,4
48619,8
48620,2
48621,5
48622,2
48623,6
48624,6
48625,14
48626,10
48627,0
48628,4
48629,1
48630,2
48631,1
48632,9
48633,6
48634,11
48635,5
48636,2
48637,2
48638,0
48639,8
48640,2
48641,1
48642,4
48643,13
48644,1
48645,8
48646,4
48647,13
48648,2
48649,11
48650,10
48651,1
48652,4
48653,4
48654,8
48655,7
48656,1
48657,0
48658,11
48659,4
48660,14
48661,4
48662,4
48663,8
48664,8
48665,8
48666,3
48667,5
48668,0
48669,7
48670,2
48671,3
48672,6
48673,2
48674,7
48675,3
48676,14
48677,1
48678,6
48679,7
48680,0
48681,14
48682,14
48683,7
48684,0
48685,0
48686,0
48687,0
48688,0
48689,3
48690,4
48691,5
48692,1
48693,7
48694,0
48695,4
48696,3
48697,14
48698,13
48699,5
48700,4
48701,3
48702,10
48703,6
48704,14
48705,14
48706,1
48707,1
48708,4
48709,13
48710,8
48711,3
48712,14
48713,4
48714,1
48715,11
48716,7
48717,7
48718,5
48719,2
48720,11
48721,5
48722,6
48723,0
48724,5
48725,5
48726,8
48727,0
48728,10
48729,7
48730,0
48731,5
48732,1
48733,2
48734,4
48735,4
48736,8
48737,0
48738,2
48739,1
48740,8
48741,2
48742,2
48743,8
48744,14
48745,1
48746,7
48747,7
48748,13
48749,14
48750,2
48751,9
48752,12
48753,2
48754,9
48755,5
48756,8
48757,0
48758,4
48759,6
48760,5
48761,5
48762,12
48763,8
48764,2
48765,1
48766,0
48767,0
48768,0
48769,1
48770,4
48771,3
48772,13
48773,5
48774,4
48775,14
48776,4
48777,0
48778,13
48779,14
48780,0
48781,8
48782,2
48783,2
48784,2
48785,11
48786,4
48787,14
48788,10
48789,2
48790,13
48791,1
48792,4
48793,4
48794,4
48795,7
48796,0
48797,8
48798,2
48799,0
48800,11
48801,8
48802,1
48803,5
48804,10
48805,9
48806,4
48807,1
48808,5
48809,0
48810,2
48811,2
48812,0
48813,4
48814,1
48815,4
48816,5
48817,7
48818,9
48819,2
48820,2
48821,14
48822,4
48823,10
48824,2
48825,3
48826,6
48827,0
48828,13
48829,4
48830,3
48831,4
48832,5
48833,6
48834,13
48835,6
48836,0
48837,4
48838,6
48839,8
48840,4
48841,3
48842,4
48843,14
48844,7
48845,0
48846,11
48847,0
48848,9
48849,11
48850,0
48851,10
48852,2
48853,5
48854,6
48855,14
48856,14
48857,8
48858,5
48859,3
48860,1
48861,4
48862,4
48863,0
48864,0
48865,3
48866,0
48867,0
48868,14
48869,4
48870,0
48871,0
48872,14
48873,6
48874,9
48875,1
48876,7
48877,2
48878,5
48879,14
48880,14
48881,2
48882,5
48883,14
48884,7
48885,4
48886,1
48887,5
48888,7
48889,0
48890,0
48891,2
48892,11
48893,12
48894,7
48895,1
48896,4
48897,11
48898,4
48899,0
48900,0
48901,9
48902,6
48903,3
48904,11
48905,5
48906,4
48907,5
48908,2
48909,14
48910,7
48911,5
48912,5
48913,8
48914,1
48915,9
48916,4
48917,1
48918,3
48919,7
48920,8
48921,2
48922,6
48923,2
48924,14
48925,2
48926,14
48927,6
48928,14
48929,2
48930,0
48931,12
48932,11
48933,4
48934,2
48935,5
48936,8
48937,2
48938,6
48939,5
48940,10
48941,0
48942,5
48943,0
48944,11
48945,3
48946,5
48947,4
48948,14
48949,9
48950,5
48951,2
48952,14
48953,8
48954,4
48955,3
48956,4
48957,0
48958,13
48959,0
48960,8
48961,1
48962,2
48963,11
48964,14
48965,11
48966,5
48967,11
48968,13
48969,4
48970,2
48971,0
48972,5
48973,1
48974,2
48975,5
48976,0
48977,0
48978,6
48979,10
48980,8
48981,1
48982,8
48983,0
48984,3
48985,4
48986,0
48987,2
48988,1
48989,11
48990,4
48991,3
48992,4
48993,5
48994,5
48995,5
48996,3
48997,4
48998,14
48999,5
49000,1
49001,4
49002,5
49003,14
49004,2
49005,0
49006,5
49007,3
49008,0
49009,9
49010,9
49011,4
49012,3
49013,14
49014,14
49015,14
49016,5
49017,2
49018,13
49019,12
49020,14
49021,6
49022,3
49023,3
49024,5
49025,0
49026,7
49027,11
49028,4
49029,11
49030,5
49031,4
49032,5
49033,6
49034,4
49035,2
49036,14
49037,5
49038,14
49039,1
49040,2
49041,11
49042,1
49043,10
49044,5
49045,13
49046,7
49047,8
49048,4
49049,1
49050,14
49051,0
49052,14
49053,0
49054,1
49055,8
49056,3
49057,5
49058,4
49059,0
49060,11
49061,8
49062,11
49063,1
49064,2
49065,4
49066,0
49067,4
49068,2
49069,5
49070,5
49071,4
49072,5
49073,5
49074,14
49075,4
49076,14
49077,0
49078,10
49079,6
49080,4
49081,9
49082,0
49083,0
49084,8
49085,2
49086,1
49087,10
49088,0
49089,4
49090,5
49091,14
49092,1
49093,2
49094,5
49095,7
49096,14
49097,0
49098,2
49099,4
49100,10
49101,6
49102,1
49103,5
49104,11
49105,1
49106,10
49107,13
49108,10
49109,1
49110,5
49111,6
49112,14
49113,14
49114,4
49115,13
49116,14
49117,6
49118,14
49119,4
49120,4
49121,9
49122,14
49123,4
49124,7
49125,3
49126,2
49127,13
49128,8
49129,13
49130,11
49131,1
49132,6
49133,10
49134,10
49135,4
49136,7
49137,10
49138,6
49139,2
49140,7
49141,2
49142,4
49143,2
49144,0
49145,7
49146,8
49147,14
49148,5
49149,2
49150,2
49151,5
49152,14
49153,14
49154,1
49155,2
49156,5
49157,6
49158,7
49159,8
49160,14
49161,1
49162,10
49163,2
49164,0
49165,2
49166,2
49167,0
49168,1
49169,0
49170,6
49171,14
49172,7
49173,1
49174,10
49175,7
49176,2
49177,7
49178,13
49179,4
49180,10
49181,8
49182,4
49183,2
49184,14
49185,0
49186,10
49187,11
49188,5
49189,10
49190,14
49191,6
49192,4
49193,0
49194,10
49195,1
49196,14
49197,0
49198,4
49199,5
49200,1
49201,11
49202,2
49203,14
49204,0
49205,3
49206,2
49207,7
49208,1
49209,13
49210,4
49211,10
49212,4
49213,2
49214,1
49215,14
49216,5
49217,4
49218,10
49219,2
49220,12
49221,6
49222,0
49223,10
49224,4
49225,5
49226,4
49227,14
49228,4
49229,4
49230,0
49231,4
49232,2
49233,4
49234,2
49235,4
49236,0
49237,5
49238,14
49239,5
49240,8
49241,7
49242,4
49243,5
49244,13
49245,5
49246,4
49247,14
49248,2
49249,5
49250,14
49251,8
49252,2
49253,6
49254,7
49255,5
49256,5
49257,1
49258,4
49259,0
49260,5
49261,1
49262,4
49263,2
49264,5
49265,13
49266,0
49267,12
49268,10
49269,5
49270,8
49271,9
49272,1
49273,1
49274,3
49275,5
49276,5
49277,7
49278,2
49279,8
49280,7
49281,12
49282,2
49283,0
49284,1
49285,6
49286,4
49287,11
49288,5
49289,2
49290,3
49291,5
49292,6
49293,3
49294,4
49295,8
49296,4
49297,10
49298,5
49299,5
49300,9
49301,2
49302,14
49303,4
49304,1
49305,0
49306,14
49307,9
49308,4
49309,8
49310,1
49311,2
49312,14
49313,3
49314,0
49315,1
49316,5
49317,0
49318,0
49319,8
49320,2
49321,4
49322,10
49323,1
49324,2
49325,13
49326,1
49327,3
49328,1
49329,4
49330,6
49331,13
49332,14
49333,7
49334,1
49335,2
49336,2
49337,7
49338,0
49339,4
49340,2
49341,5
49342,14
49343,7
49344,1
49345,5
49346,3
49347,1
49348,5
49349,4
49350,2
49351,11
49352,3
49353,3
49354,8
49355,11
49356,1
49357,14
49358,7
49359,0
49360,8
49361,2
49362,11
49363,5
49364,5
49365,10
49366,10
49367,14
49368,1
49369,7
49370,0
49371,7
49372,5
49373,4
49374,14
49375,13
49376,10
49377,2
49378,5
49379,1
49380,7
49381,2
49382,9
49383,2
49384,1
49385,5
49386,1
49387,14
49388,8
49389,4
49390,10
49391,8
49392,12
49393,4
49394,0
49395,13
49396,14
49397,9
49398,5
49399,5
49400,7
49401,4
49402,0
49403,10
49404,7
49405,14
49406,3
49407,8
49408,14
49409,4
49410,2
49411,4
49412,7
49413,10
49414,14
49415,0
49416,5
49417,4
49418,0
49419,5
49420,1
49421,7
49422,6
49423,14
49424,11
49425,4
49426,13
49427,8
49428,3
49429,2
49430,1
49431,0
49432,3
49433,6
49434,1
49435,2
49436,5
49437,5
49438,7
49439,4
49440,4
49441,0
49442,5
49443,10
49444,2
49445,0
49446,8
49447,1
49448,3
49449,2
49450,0
49451,5
49452,11
49453,4
49454,2
49455,2
49456,1
49457,0
49458,14
49459,5
49460,11
49461,13
49462,0
49463,4
49464,2
49465,13
49466,3
49467,12
49468,7
49469,14
49470,2
49471,14
49472,1
49473,1
49474,4
49475,5
49476,5
49477,3
49478,7
49479,1
49480,2
49481,0
49482,2
49483,5
49484,1
49485,1
49486,11
49487,5
49488,13
49489,0
49490,1
49491,11
49492,8
49493,0
49494,8
49495,8
49496,5
49497,8
49498,0
49499,2
49500,6
49501,6
49502,2
49503,2
49504,7
49505,4
49506,6
49507,3
49508,2
49509,13
49510,0
49511,2
49512,8
49513,8
49514,14
49515,7
49516,0
49517,1
49518,14
49519,9
49520,11
49521,11
49522,3
49523,5
49524,1
49525,4
49526,14
49527,14
49528,10
49529,1
49530,9
49531,8
49532,14
49533,0
49534,3
49535,1
49536,11
49537,3
49538,5
49539,5
49540,5
49541,3
49542,0
49543,3
49544,5
49545,3
49546,6
49547,5
49548,14
49549,4
49550,0
49551,5
49552,7
49553,5
49554,0
49555,0
49556,2
49557,7
49558,9
49559,2
49560,8
49561,0
49562,4
49563,2
49564,8
49565,4
49566,0
49567,4
49568,10
49569,4
49570,4
49571,2
49572,2
49573,14
49574,2
49575,4
49576,0
49577,2
49578,10
49579,0
49580,4
49581,13
49582,1
49583,1
49584,8
49585,7
49586,10
49587,2
49588,5
49589,1
49590,1
49591,0
49592,7
49593,14
49594,5
49595,5
49596,5
49597,10
49598,7
49599,0
49600,14
49601,2
49602,5
49603,5
49604,6
49605,11
49606,0
49607,5
49608,4
49609,12
49610,12
49611,8
49612,14
49613,13
49614,4
49615,4
49616,6
49617,8
49618,1
49619,1
49620,2
49621,4
49622,14
49623,9
49624,7
49625,13
49626,5
49627,6
49628,13
49629,1
49630,8
49631,3
49632,14
49633,3
49634,13
49635,0
49636,1
49637,6
49638,4
49639,0
49640,8
49641,0
49642,9
49643,9
49644,0
49645,1
49646,4
49647,7
49648,1
49649,4
49650,3
49651,1
49652,7
49653,4
49654,9
49655,2
49656,14
49657,4
49658,0
49659,11
49660,1
49661,2
49662,11
49663,8
49664,1
49665,1
49666,0
49667,0
49668,3
49669,0
49670,14
49671,4
49672,1
49673,0
49674,4
49675,4
49676,8
49677,2
49678,6
49679,14
49680,2
49681,8
49682,4
49683,6
49684,5
49685,4
49686,2
49687,3
49688,7
49689,3
49690,0
49691,5
49692,5
49693,6
49694,6
49695,10
49696,8
49697,8
49698,5
49699,9
49700,2
49701,2
49702,9
49703,3
49704,5
49705,4
49706,4
49707,11
49708,7
49709,7
49710,0
49711,3
49712,0
49713,11
49714,10
49715,5
49716,4
49717,11
49718,14
49719,14
49720,0
49721,0
49722,4
49723,5
49724,12
49725,2
49726,2
49727,3
49728,3
49729,5
49730,5
49731,2
49732,6
49733,2
49734,3
49735,4
49736,1
49737,10
49738,2
49739,3
49740,13
49741,2
49742,10
49743,0
49744,6
49745,2
49746,5
49747,3
49748,10
49749,5
49750,4
49751,14
49752,1
49753,2
49754,4
49755,4
49756,14
49757,8
49758,5
49759,2
49760,13
49761,8
49762,13
49763,8
49764,10
49765,5
49766,4
49767,4
49768,7
49769,2
49770,6
49771,0
